{"pageSetup":{"textZoom":100,"highlight":true,"assemblyZoom":100,"partZoom":100,"useShade":true,"width":768,"height":1024},"pages":[{"color":"#FFFFFF","children":[{"children":[],"x":50,"y":200,"fontSize":20,"id":-323,"text":"Press \"Generate from steps\" to generate instructions","class":"blueprint.scene.TextBox"}],"x":0,"y":0,"id":-322,"class":"blueprint.scene.Scene"}],"model":{"isCallout":false,"customTransform":[1,0,0,0,0,1,0,0,0,0,1,0,0,0,0,1],"id":-2,"steps":[{"parts":[],"customTransform":[1,0,0,0,0,1,0,0,0,0,1,0,0,0,0,1],"id":-3,"submodels":[{"isCallout":false,"customTransform":[1,0,0,0,0,1,0,0,0,0,1,0,0,0,0,1],"id":-4,"steps":[{"parts":[],"customTransform":[1,0,0,0,0,1,0,0,0,0,1,0,0,0,0,1],"id":-5,"submodels":[{"isCallout":false,"customTransform":[1,0,0,0,0,1,0,0,0,0,1,0,0,0,0,1],"id":-6,"steps":[{"parts":[{"transform":[-1.7764783E-4,-0.14348252,-0.9896529,0,0.0026448623,0.98964936,-0.14348248,0,0.99999654,-0.0026429852,2.0368247E-4,0,4.4058757,29.243307,-5.2990246,1],"materials":["C:21"],"designId":"6541","id":1282},{"transform":[-1.7764767E-4,-0.14348254,-0.9896529,0,0.0026448611,0.98964936,-0.14348248,0,0.99999654,-0.0026429843,2.0368239E-4,0,0.4058895,29.253881,-5.2998405,1],"materials":["C:21"],"designId":"6541","id":1296},{"transform":[0.002383688,0.9889559,0.14819093,0,0.0016646548,0.14818722,-0.98895794,0,-0.99999577,0.0026040534,-0.0012930381,0,4.0028143,29.503492,-2.9986484,1],"materials":["C:199"],"designId":"60483","id":1832},{"transform":[-0.0016647858,-0.14818718,0.98895794,0,0.0023836468,0.9889559,0.14819089,0,-0.99999577,0.0026040296,-0.0012931743,0,0.002828835,29.513908,-3.003821,1],"materials":["C:26"],"designId":"3706","id":1833},{"transform":[0.0023836899,0.9889559,0.14819093,0,0.0016646548,0.14818722,-0.98895794,0,-0.99999577,0.0026040534,-0.0012930381,0,0.0028293114,29.513908,-3.0038204,1],"materials":["C:199"],"designId":"60483","id":1834},{"transform":[1,0,0,0,0,0.99128574,0.13172923,0,0,-0.13172922,0.99128574,0,3.5999675,29.559078,-3.396174,1],"materials":["C:199"],"designId":"6553","id":1826},{"transform":[0.9999958,-0.0026812227,0.0011800785,0,0.0025032181,0.99135256,0.13120252,0,-0.0015216578,-0.13119902,0.991355,0,1.2039045,29.56327,-3.399596,1],"materials":["C:199"],"designId":"6553","id":1830},{"transform":[0,-0.1317291,0.99128574,0,-1,0,0,0,0,-0.99128574,-0.13172916,0,3.599968,29.664461,-4.189203,1],"materials":["C:199"],"designId":"32013","id":1827},{"transform":[-0.0015216649,-0.13119885,0.9913549,0,-0.9999957,0.0026811776,-0.0011800149,0,-0.0025031047,-0.99135244,-0.13120244,0,1.2051219,29.668242,-4.192684,1],"materials":["C:199"],"designId":"32013","id":1829},{"transform":[0.0015217889,0.13119902,-0.991355,0,0.0025032181,0.99135256,0.13120253,0,0.9999958,-0.00268124,0.0011802085,0,1.6069478,29.824608,-5.3818345,1],"materials":["C:194"],"designId":"6562","id":1831}],"customTransform":[1,0,0,0,0,1,0,0,0,0,1,0,0,0,0,1],"id":-7,"submodels":[]},{"parts":[{"transform":[9.430081E-4,-0.13021593,-0.99148524,0,0.0027502163,0.99148226,-0.13021292,0,0.99999577,-0.002604007,0.0012930977,0,4.8047175,30.292576,-2.8790607,1],"materials":["C:26"],"designId":"6558","id":1869},{"transform":[-0.0012131637,0.030472498,0.99953485,0,0.0026422432,0.9995322,-0.03046921,0,-0.99999577,0.00260405,-0.0012931119,0,0.00473643,30.305075,-2.8852677,1],"materials":["C:26"],"designId":"6558","id":1828},{"transform":[-0.0010193242,0.10256023,0.9947263,0,0.0027229434,0.9947234,-0.10255714,0,-0.99999577,0.0026040422,-0.001293211,0,2.0061707,30.636837,-3.319543,1],"materials":["C:199"],"designId":"2817","id":1836}],"customTransform":[1,0,0,0,0,1,0,0,0,0,1,0,0,0,0,1],"id":-8,"submodels":[]}]}]},{"parts":[],"customTransform":[1,0,0,0,0,1,0,0,0,0,1,0,0,0,0,1],"id":-9,"submodels":[{"isCallout":false,"customTransform":[1,0,0,0,0,1,0,0,0,0,1,0,0,0,0,1],"id":-10,"steps":[{"parts":[{"transform":[0.001019324,-0.10256023,-0.9947263,0,0.002722944,0.9947234,-0.10255714,0,0.99999577,-0.0026040415,0.001293211,0,2.806984,30.552708,-4.1142893,1],"materials":["C:21"],"designId":"30565","id":1840},{"transform":[-0.99999577,0.002604041,-0.0012932109,0,0.0027229437,0.9947234,-0.10255714,0,0.001019324,-0.10256023,-0.9947263,0,2.0069876,30.55479,-4.1153235,1],"materials":["C:21"],"designId":"30565","id":1849},{"transform":[0.99999577,-0.002604037,0.0012932546,0,0.0027229441,0.9947234,-0.10255714,0,-0.0010193676,0.10256023,0.9947263,0,2.010082,30.626959,-6.5354857,1],"materials":["C:199","C:199"],"designId":"15573","id":1865},{"transform":[0.99999577,-0.0026040394,0.0012932108,0,0.0027229434,0.9947234,-0.10255714,0,-0.0010193241,0.10256023,0.9947263,0,2.8061697,30.634754,-3.3185077,1],"materials":["C:21"],"designId":"30565","id":1837},{"transform":[-0.001019324,0.10256023,0.9947263,0,0.0027229437,0.9947234,-0.10255714,0,-0.99999577,0.0026040385,-0.0012932108,0,2.0061707,30.636837,-3.319542,1],"materials":["C:21"],"designId":"30565","id":1838},{"transform":[0.99999577,-0.0026040417,0.0012932111,0,0.0027229441,0.9947234,-0.10255714,0,-0.001019324,0.10256023,0.9947263,0,2.0094872,30.709005,-5.739704,1],"materials":["C:21"],"designId":"3794","id":1864},{"transform":[-0.0010193676,0.10256023,0.9947263,0,0.0027229437,0.9947234,-0.10255714,0,-0.99999577,0.0026040378,-0.0012932546,0,4.408665,30.784803,-4.9408197,1],"materials":["C:21","C:21"],"designId":"93273","id":1859},{"transform":[-0.0010193675,0.10256023,0.9947263,0,0.0027229416,0.9947234,-0.10255714,0,-0.99999577,0.0026040373,-0.001293254,0,2.0086753,30.791052,-4.943924,1],"materials":["C:21"],"designId":"3020","id":1842},{"transform":[-0.0010193241,0.10256023,0.9947263,0,0.002722944,0.9947234,-0.10255714,0,-0.99999577,0.0026040412,-0.0012932108,0,0.40867978,30.795216,-4.945993,1],"materials":["C:21","C:21"],"designId":"93273","id":1854},{"transform":[-0.0010193676,0.10256023,0.9947263,0,0.002722944,0.9947234,-0.10255714,0,-0.99999577,0.0026040373,-0.0012932544,0,5.207846,30.864744,-4.1442256,1],"materials":["C:199","C:199"],"designId":"3069","id":1856}],"customTransform":[1,0,0,0,0,1,0,0,0,0,1,0,0,0,0,1],"id":-11,"submodels":[]},{"parts":[{"transform":[-0.0010193677,0.10256023,0.9947263,0,0.002722941,0.9947234,-0.10255714,0,-0.99999577,0.00260404,-0.0012932544,0,4.40785,30.866854,-4.145039,1],"materials":["C:21"],"designId":"3023","id":1860},{"transform":[-0.0010193241,0.10256023,0.9947263,0,0.002722944,0.9947234,-0.10255714,0,-0.99999577,0.0026040417,-0.0012932111,0,0.4078644,30.877268,-4.1502123,1],"materials":["C:21"],"designId":"3023","id":1853},{"transform":[-0.001019324,0.10256023,0.9947263,0,0.002722944,0.9947234,-0.10255714,0,-0.99999577,0.0026040417,-0.001293211,0,-0.39213243,30.879326,-4.1514683,1],"materials":["C:199","C:199"],"designId":"3069","id":1863},{"transform":[0.99999577,-0.002604036,0.0012932663,0,0.002722944,0.9947234,-0.10255714,0,-0.0010193794,0.10256023,0.9947263,0,2.0095468,31.109362,-4.976742,1],"materials":["C:21"],"designId":"3794","id":1845},{"transform":[0.001019324,-0.10256023,-0.9947263,0,0.002722944,0.9947234,-0.10255714,0,0.99999577,-0.002604041,0.001293211,0,3.6054044,31.115082,-1.7587304,1],"materials":["C:21"],"designId":"3666","id":1839},{"transform":[0.99999577,-0.0026040438,0.0012932111,0,0.0027229441,0.9947234,-0.10255714,0,-0.001019324,0.10256023,0.9947263,0,2.0054111,31.119244,-1.7607992,1],"materials":["C:21"],"designId":"3794","id":1835},{"transform":[0.0010193238,-0.10256023,-0.9947263,0,0.0027229409,0.9947234,-0.10255714,0,0.99999577,-0.0026040408,0.0012932107,0,1.2054157,31.121328,-1.7618335,1],"materials":["C:21"],"designId":"3666","id":1848},{"transform":[0.99999577,-0.002604036,0.0012932662,0,0.0027229437,0.9947234,-0.10255714,0,-0.0010193794,0.10256023,0.9947263,0,2.0087314,31.191412,-4.180961,1],"materials":["C:21"],"designId":"3794","id":1844},{"transform":[0.99999577,-0.0026040422,0.0012932114,0,0.0027229441,0.9947234,-0.10255714,0,-0.001019324,0.10256023,0.9947263,0,2.0045974,31.201294,-0.96501845,1],"materials":["C:21"],"designId":"3794","id":1852},{"transform":[0.99999577,-0.002604036,0.0012932661,0,0.0027229434,0.9947234,-0.10255714,0,-0.0010193794,0.10256023,0.9947263,0,2.0079157,31.273458,-3.38518,1],"materials":["C:21"],"designId":"3794","id":1843}],"customTransform":[1,0,0,0,0,1,0,0,0,0,1,0,0,0,0,1],"id":-12,"submodels":[]},{"parts":[{"transform":[0.001019324,-0.10256023,-0.9947263,0,0.0027229418,0.9947234,-0.10255714,0,0.99999577,-0.002604041,0.0012932108,0,3.6070933,31.35136,-2.5873303,1],"materials":["C:199"],"designId":"3710","id":1851},{"transform":[0.99999577,-0.002604036,0.0012932662,0,0.0027229437,0.9947234,-0.10255714,0,-0.0010193794,0.10256023,0.9947263,0,2.0071003,31.355509,-2.5893989,1],"materials":["C:21"],"designId":"3794","id":1841},{"transform":[0.0010193238,-0.10256023,-0.9947263,0,0.0027229409,0.9947234,-0.10255714,0,0.99999577,-0.0026040408,0.0012932107,0,1.2071028,31.357592,-2.5904326,1],"materials":["C:199"],"designId":"3710","id":1847},{"transform":[0.001019324,-0.10256023,-0.9947263,0,0.0027229441,0.9947234,-0.10255714,0,0.99999577,-0.0026040412,0.0012932111,0,3.610409,31.423508,-5.007492,1],"materials":["C:199"],"designId":"11477","id":1866},{"transform":[0.0010193913,-0.10256023,-0.9947263,0,0.0027229441,0.9947234,-0.10255714,0,0.99999577,-0.0026040343,0.0012932783,0,2.4104164,31.426632,-5.0090427,1],"materials":["C:199"],"designId":"50950","id":1868},{"transform":[0.001019324,-0.10256023,-0.9947263,0,0.0027229441,0.9947234,-0.10255714,0,0.99999577,-0.002604042,0.0012932111,0,1.2104193,31.429758,-5.0105934,1],"materials":["C:199"],"designId":"11477","id":1861},{"transform":[-0.0010194216,0.10256023,0.9947263,0,0.0027229441,0.9947234,-0.10255714,0,-0.99999577,0.002604031,-0.0012933096,0,2.4096007,31.508661,-4.213262,1],"materials":["C:199"],"designId":"3023","id":1858},{"transform":[0.001019324,-0.10256023,-0.9947263,0,0.002722944,0.9947234,-0.10255714,0,0.99999577,-0.0026040412,0.001293211,0,3.6087797,31.587627,-3.415706,1],"materials":["C:199","C:199"],"designId":"3069","id":1850},{"transform":[0.001019324,-0.10256023,-0.9947263,0,0.002722944,0.9947234,-0.10255714,0,0.99999577,-0.0026040412,0.001293211,0,1.2087884,31.593878,-3.418809,1],"materials":["C:199","C:199"],"designId":"3069","id":1846},{"transform":[-0.001019324,0.10256023,0.9947263,0,0.0027229441,0.9947234,-0.10255714,0,-0.99999577,0.0026040415,-0.0012932111,0,3.6079652,31.669653,-2.6201472,1],"materials":["C:199"],"designId":"11477","id":1867}],"customTransform":[1,0,0,0,0,1,0,0,0,0,1,0,0,0,0,1],"id":-13,"submodels":[]},{"parts":[{"transform":[-0.0010193675,0.10256023,0.9947263,0,0.0027229437,0.9947234,-0.10255714,0,-0.99999577,0.0026040368,-0.0012932544,0,2.4079692,31.672773,-2.6217,1],"materials":["C:199"],"designId":"50950","id":1855},{"transform":[-0.001019324,0.10256023,0.9947263,0,0.002722944,0.9947234,-0.10255714,0,-0.99999577,0.0026040415,-0.0012932111,0,1.2079731,31.675901,-2.6232502,1],"materials":["C:199"],"designId":"11477","id":1862},{"transform":[-0.0010194229,0.10256023,0.9947263,0,0.0027229441,0.9947234,-0.10255714,0,-0.99999577,0.0026040312,-0.0012933098,0,2.4104724,31.826971,-4.246302,1],"materials":["C:199","C:199"],"designId":"3069","id":1857}],"customTransform":[1,0,0,0,0,1,0,0,0,0,1,0,0,0,0,1],"id":-14,"submodels":[]}]}]}]}]},{"parts":[],"customTransform":[1,0,0,0,0,1,0,0,0,0,1,0,0,0,0,1],"id":-15,"submodels":[{"isCallout":false,"customTransform":[1,0,0,0,0,1,0,0,0,0,1,0,0,0,0,1],"id":-16,"steps":[{"parts":[{"transform":[0,0,1,0,0,1,0,0,-1,0,0,0,-3.5999966,0,-9.199999,1],"materials":["C:26"],"designId":"99780","id":1914},{"transform":[1,0,0,0,0,1,0,0,0,0,1,0,-2.7999992,0,2.7999992,1],"materials":["C:26"],"designId":"91988","id":1889},{"transform":[0,0,1,0,0,1,0,0,-1,0,0,0,-3.5999985,0,1.9999962,1],"materials":["C:26"],"designId":"99780","id":1887},{"transform":[0,0,-1,0,0,1,0,0,1,0,0,0,8.400003,0,-8.400003,1],"materials":["C:26"],"designId":"99780","id":1902},{"transform":[1,0,0,0,0,1,0,0,0,0,1,0,6.000003,0,3.5999975,1],"materials":["C:26"],"designId":"3460","id":1893},{"transform":[0,0,-1,0,0,1,0,0,1,0,0,0,8.399998,0,2.7999945,1],"materials":["C:26"],"designId":"99780","id":1891},{"transform":[1,0,0,0,0,1,0,0,0,0,1,0,-2.7999964,0,-8.4,1],"materials":["C:26"],"designId":"91988","id":1906},{"transform":[1,0,0,0,0,1,0,0,0,0,1,0,1.2000027,0.32000083,-8.400001,1],"materials":["C:26"],"designId":"3001","id":1907},{"transform":[1,0,0,0,0,1,0,0,0,0,1,0,6.000003,0.32000083,3.5999966,1],"materials":["C:26","C:26"],"designId":"88646","id":1890},{"transform":[0,0,1,0,0,1,0,0,-1,0,0,0,0.39999962,0.32000083,-9.200001,1],"materials":["C:26"],"designId":"3703","id":1916}],"customTransform":[1,0,0,0,0,1,0,0,0,0,1,0,0,0,0,1],"id":-17,"submodels":[]},{"parts":[{"transform":[0,0,1,0,0,1,0,0,-1,0,0,0,-0.39999962,0.32000083,-9.200001,1],"materials":["C:26"],"designId":"3023","id":1912},{"transform":[1,0,0,0,0,1,0,0,0,0,1,0,-3.5999966,0.32000083,-8.4,1],"materials":["C:26"],"designId":"3020","id":1913},{"transform":[1,0,0,0,0,1,0,0,0,0,1,0,6.000002,0.3200013,-8.400002,1],"materials":["C:26"],"designId":"3020","id":1901},{"transform":[1,0,0,0,0,1,0,0,0,0,1,0,-3.5999947,0.3200013,3.5999966,1],"materials":["C:26","C:26"],"designId":"88646","id":1886},{"transform":[0,0,1,0,0,1,0,0,-1,0,0,0,-0.3999977,0.3200013,1.9999981,1],"materials":["C:26"],"designId":"3023","id":1896},{"transform":[0,0,1,0,0,1,0,0,-1,0,0,0,5.199997,0.3200013,1.999999,1],"materials":["C:26"],"designId":"3023","id":1895},{"transform":[1,0,0,0,0,1,0,0,0,0,1,0,1.2000008,0.3200013,2.7999973,1],"materials":["C:26"],"designId":"3001","id":1880},{"transform":[0,0,1,0,0,1,0,0,-1,0,0,0,4.3999996,0.3200013,-9.2,1],"materials":["C:26"],"designId":"3703","id":1897},{"transform":[0,0,1,0,0,1,0,0,-1,0,0,0,5.199999,0.3200013,-9.199999,1],"materials":["C:26"],"designId":"3023","id":1905},{"transform":[1,0,0,0,0,1,0,0,0,0,1,0,9.1997795,0.32000178,3.5999956,1],"materials":["C:26","C:26"],"designId":"3069","id":1894}],"customTransform":[1,0,0,0,0,1,0,0,0,0,1,0,0,0,0,1],"id":-18,"submodels":[]},{"parts":[{"transform":[0,0,1,0,-1,0,0,0,0,-1,0,0,-4.159999,0.4000002,-9.2,1],"materials":["C:21"],"designId":"2412","id":1915},{"transform":[0,0,1,0,-1,0,0,0,0,-1,0,0,-4.160001,0.40000027,1.9999971,1],"materials":["C:21"],"designId":"2412","id":1888},{"transform":[0,0,-1,0,1,0,0,0,0,-1,0,0,8.960005,0.4000007,-8.400001,1],"materials":["C:21"],"designId":"2412","id":1903},{"transform":[0,0,-1,0,1,0,0,0,0,-1,0,0,8.959999,0.40000075,2.7999945,1],"materials":["C:21"],"designId":"2412","id":1892},{"transform":[1,0,0,0,0,1,0,0,0,0,1,0,-1.9999962,0.640001,2.7999973,1],"materials":["C:26"],"designId":"3021","id":1883},{"transform":[1,0,0,0,0,1,0,0,0,0,1,0,5.2000036,0.640001,2.8000002,1],"materials":["C:26"],"designId":"3021","id":1877},{"transform":[1,0,0,0,0,1,0,0,0,0,1,0,-1.999999,0.640001,-8.400001,1],"materials":["C:26"],"designId":"3021","id":1911},{"transform":[1,0,0,0,0,1,0,0,0,0,1,0,5.2000027,0.6400015,-8.400001,1],"materials":["C:26"],"designId":"3021","id":1904},{"transform":[0,-0.0037202633,0.9999931,0,0,0.9999931,0.0037202633,0,-1,0,0,0,3.2000074,0.9000006,-0.8000002,1],"materials":["C:26"],"designId":"6558","id":1874},{"transform":[0,0.98974323,-0.14285764,0,0,0.14285764,0.98974323,0,1,0,0,0,0,0.9000006,-0.80000067,1],"materials":["C:26"],"designId":"41239","id":1918}],"customTransform":[1,0,0,0,0,1,0,0,0,0,1,0,0,0,0,1],"id":-19,"submodels":[]},{"parts":[{"transform":[0,0.9897328,-0.14293058,0,0,0.14293058,0.9897328,0,1,0,0,0,4.0000076,0.9000006,-0.80000067,1],"materials":["C:26"],"designId":"41239","id":1873},{"transform":[0,0.9897539,0.14278376,0,0,-0.14278376,0.9897539,0,1,0,0,0,4.0000134,0.9000006,-5.6000004,1],"materials":["C:26"],"designId":"41239","id":1978},{"transform":[0,-0.0037128686,0.9999931,0,0,0.9999931,0.0037128686,0,-1,0,0,0,3.200014,0.9000006,-5.600001,1],"materials":["C:26"],"designId":"6558","id":1984},{"transform":[0,0.9897435,0.14285669,0,0,-0.14285669,0.9897435,0,1,0,0,0,0,0.9000006,-5.6000004,1],"materials":["C:26"],"designId":"41239","id":1965},{"transform":[0,0.9897328,-0.14293058,0,0,0.14293058,0.9897328,0,1,0,0,0,5.60001,0.90000105,-0.80000067,1],"materials":["C:26"],"designId":"41239","id":1871},{"transform":[0,0.98974323,-0.14285764,0,0,0.14285764,0.98974323,0,1,0,0,0,1.5999975,0.90000105,-0.80000114,1],"materials":["C:26"],"designId":"41239","id":1970},{"transform":[0,-0.006754565,-0.99997723,0,0,0.99997723,-0.006754565,0,1,0,0,0,1.6000013,0.9000015,-0.80000067,1],"materials":["C:26"],"designId":"6558","id":1917},{"transform":[0,0.9897539,0.14278376,0,0,-0.14278376,0.9897539,0,1,0,0,0,5.6000156,0.9000015,-5.600001,1],"materials":["C:26"],"designId":"41239","id":1982},{"transform":[0,0.9897434,0.14285667,0,0,-0.14285667,0.9897434,0,1,0,0,0,1.6000004,0.900002,-5.6000004,1],"materials":["C:26"],"designId":"41239","id":1963},{"transform":[0,0.13347958,-0.9910516,0,0,0.9910516,0.13347958,0,1,0,0,0,1.6000004,0.900002,-5.6000004,1],"materials":["C:26"],"designId":"6558","id":1966}],"customTransform":[1,0,0,0,0,1,0,0,0,0,1,0,0,0,0,1],"id":-20,"submodels":[]},{"parts":[{"transform":[0,0,-1,0,0,1,0,0,1,0,0,0,6.000003,0.9600012,2.7999983,1],"materials":["C:26"],"designId":"60478","id":1876},{"transform":[0,0,-1,0,0,1,0,0,1,0,0,0,5.2000036,0.9600012,2.7999983,1],"materials":["C:26"],"designId":"60478","id":1878},{"transform":[0,0,-1,0,0,1,0,0,1,0,0,0,-1.1999979,0.9600012,2.7999973,1],"materials":["C:26"],"designId":"60478","id":1885},{"transform":[0,0,-1,0,0,1,0,0,1,0,0,0,-0.39999866,0.9600012,2.7999954,1],"materials":["C:26"],"designId":"60478","id":1882},{"transform":[1,0,0,0,0,1,0,0,0,0,1,0,5.2000027,0.9600012,-8.400001,1],"materials":["C:26"],"designId":"3022","id":1899},{"transform":[1,0,0,0,0,1,0,0,0,0,1,0,-1.1999998,0.9600012,-8.4,1],"materials":["C:26"],"designId":"3022","id":1909},{"transform":[-1,0,0,0,0,1,0,0,0,0,-1,0,-1.2000055,1.2800004,1.9999962,1],"materials":["C:26"],"designId":"93606","id":1884},{"transform":[1,0,0,0,0,1,0,0,0,0,1,0,2.800002,1.2800009,2.7999992,1],"materials":["C:26","C:26"],"designId":"87079","id":1879},{"transform":[-1,0,0,0,0,1,0,0,0,0,-1,0,-1.2000036,1.2800009,-9.200001,1],"materials":["C:26"],"designId":"93606","id":1910},{"transform":[1,0,0,0,0,1,0,0,0,0,1,0,2.800004,1.2800009,-8.399999,1],"materials":["C:26","C:26"],"designId":"87079","id":1898}],"customTransform":[1,0,0,0,0,1,0,0,0,0,1,0,0,0,0,1],"id":-21,"submodels":[]},{"parts":[{"transform":[1,0,0,0,0,1,0,0,0,0,1,0,-0.39999866,1.2800009,2.7999935,1],"materials":["C:26","C:26"],"designId":"87079","id":1881},{"transform":[1,0,0,0,0,1,0,0,0,0,1,0,6.000001,1.2800014,2.7999983,1],"materials":["C:26"],"designId":"93606","id":1875},{"transform":[1,0,0,0,0,1,0,0,0,0,1,0,6,1.2800014,-8.400002,1],"materials":["C:26"],"designId":"93606","id":1900},{"transform":[1,0,0,0,0,1,0,0,0,0,1,0,-0.39999676,1.2800014,-8.4,1],"materials":["C:26","C:26"],"designId":"87079","id":1908},{"transform":[0,0.9659258,-0.2588191,0,0,0.2588191,0.9659258,0,1,0,0,0,-1.2130032,1.9161516,3.1533937,1],"materials":["C:26"],"designId":"63868","id":1994},{"transform":[0,0.9659258,-0.2588192,0,0,0.2588192,0.9659258,0,1,0,0,0,5.187002,1.916152,3.1533952,1],"materials":["C:26"],"designId":"63868","id":1988},{"transform":[0,0.9659258,-0.2588191,0,0,0.2588191,0.9659258,0,1,0,0,0,-0.41300297,1.916154,3.1533928,1],"materials":["C:26"],"designId":"63868","id":1993},{"transform":[0,0.9659258,-0.2588192,0,0,0.2588192,0.9659258,0,1,0,0,0,5.987002,1.9161549,3.1533935,1],"materials":["C:26"],"designId":"63868","id":1990},{"transform":[1,0,0,0,0,0.2588191,0.9659258,0,0,-0.9659258,0.2588191,0,-2.013002,1.9989758,3.462489,1],"materials":["C:26"],"designId":"3020","id":1992},{"transform":[1,0,0,0,0,0.2588192,0.9659258,0,0,-0.9659258,0.2588192,0,4.3870034,1.9989767,3.4624908,1],"materials":["C:26"],"designId":"3020","id":1989}],"customTransform":[1,0,0,0,0,1,0,0,0,0,1,0,0,0,0,1],"id":-22,"submodels":[]},{"parts":[{"transform":[-1,0,0,0,0,0.2588191,0.9659258,0,0,0.9659258,-0.2588191,0,8.387,5.945511,2.7363088,1],"materials":["C:26"],"designId":"90498","id":1991},{"transform":[0,3.7198657E-5,-1,0,0,1,3.7198657E-5,0,1,0,0,0,4.800009,6.442503,-1.6004119,1],"materials":["C:21"],"designId":"32316","id":1980},{"transform":[0,-0.9914724,-0.13031673,0,0,-0.13031673,0.9914724,0,-1,0,0,0,3.2000103,6.4425035,-1.6004114,1],"materials":["C:26"],"designId":"6558","id":1981},{"transform":[0,-0.99189186,0.12708488,0,0,0.12708488,0.99189186,0,-1,0,0,0,-0.7999983,6.4425616,-1.6000028,1],"materials":["C:26"],"designId":"6558","id":1969},{"transform":[0,0,-1,0,0,1,0,0,1,0,0,0,0.79998875,6.442562,-1.6000032,1],"materials":["C:21"],"designId":"32316","id":1968},{"transform":[0,-0.99122876,-0.13215767,0,0,-0.13215767,0.99122876,0,-1,0,0,0,-0.8000097,6.442562,-4.800003,1],"materials":["C:26"],"designId":"6558","id":1964},{"transform":[0,-0.9914737,-0.1303075,0,0,-0.1303075,0.9914737,0,-1,0,0,0,3.2000208,6.442622,-4.800411,1],"materials":["C:26"],"designId":"6558","id":1979},{"transform":[0,-0.9897435,-0.14285669,0,0,-0.14285669,0.9897435,0,-1,0,0,0,-0.8000078,8.026151,-4.5714326,1],"materials":["C:26"],"designId":"6558","id":1962},{"transform":[0,0.9897434,0.14285667,0,0,-0.14285667,0.9897434,0,1,0,0,0,0.79999447,8.026153,-4.5714326,1],"materials":["C:26"],"designId":"41239","id":1961},{"transform":[0,0.9897551,0.142776,0,0,-0.14277598,0.98975503,0,1,0,0,0,4.8000183,8.026227,-4.5719385,1],"materials":["C:26"],"designId":"41239","id":1976}],"customTransform":[1,0,0,0,0,1,0,0,0,0,1,0,0,0,0,1],"id":-23,"submodels":[]},{"parts":[{"transform":[0,-0.99076426,-0.13559574,0,0,-0.13559574,0.99076426,0,-1,0,0,0,3.200019,8.026229,-4.5719576,1],"materials":["C:26"],"designId":"6558","id":1983},{"transform":[0,-0.9912526,-0.13197865,0,0,-0.13197865,0.9912526,0,-1,0,0,0,3.2000103,9.609648,-2.0577898,1],"materials":["C:26"],"designId":"6558","id":1870},{"transform":[0,0.989742,-0.14286637,0,0,0.14286637,0.989742,0,1,0,0,0,4.800007,9.609653,-2.0577908,1],"materials":["C:26"],"designId":"32524","id":1954},{"transform":[0,-0.98974323,0.14285766,0,0,0.14285766,0.98974323,0,-1,0,0,0,-0.80000496,9.60974,-2.0571475,1],"materials":["C:26"],"designId":"6558","id":1971},{"transform":[0,0.98974335,-0.14285761,0,0,0.14285761,0.98974335,0,1,0,0,0,0.79998016,9.609742,-2.0571492,1],"materials":["C:26"],"designId":"32524","id":1953},{"transform":[0,-0.991246,-0.13202792,0,0,-0.13202792,0.991246,0,-1,0,0,0,3.2000103,10.401435,-2.172134,1],"materials":["C:26"],"designId":"6558","id":1872},{"transform":[0,-0.98974323,0.14285766,0,0,0.14285766,0.98974323,0,-1,0,0,0,-0.8000021,10.401535,-2.171434,1],"materials":["C:26"],"designId":"6558","id":1919},{"transform":[0,-0.98974335,-0.14285673,0,0,-0.14285673,0.98974335,0,-1,0,0,0,-0.8000059,10.401536,-4.228576,1],"materials":["C:26"],"designId":"6558","id":1967},{"transform":[0,-0.99076426,-0.13559574,0,0,-0.13559574,0.99076426,0,-1,0,0,0,3.200017,10.401638,-4.229276,1],"materials":["C:26"],"designId":"6558","id":1977},{"transform":[0,-0.9931016,-0.117257364,0,0,-0.117257364,0.9931016,0,-1,0,0,0,2.4000053,11.984982,-4.0006685,1],"materials":["C:26"],"designId":"6558","id":1958}],"customTransform":[1,0,0,0,0,1,0,0,0,0,1,0,0,0,0,1],"id":-24,"submodels":[]},{"parts":[{"transform":[0,-0.9931009,-0.11726352,0,0,-0.11726352,0.9931009,0,-1,0,0,0,2.4000092,11.985026,-2.4006689,1],"materials":["C:26"],"designId":"6558","id":1956},{"transform":[0,-0.9878133,0.15564345,0,0,0.15564345,0.9878133,0,-1,0,0,0,-1.1444092E-5,11.985125,-2.4000058,1],"materials":["C:26"],"designId":"6558","id":1974},{"transform":[0,-0.006902201,0.99997616,0,0,0.99997616,0.006902201,0,-1,0,0,0,1.599987,11.985126,-2.4000063,1],"materials":["C:26"],"designId":"75535","id":1975},{"transform":[0,0,-1,0,0,1,0,0,1,0,0,0,1.5999832,11.985126,-2.4000063,1],"materials":["C:21","C:21"],"designId":"32523","id":1973},{"transform":[0,-0.0068896236,0.99997634,0,0,0.99997634,0.0068896236,0,-1,0,0,0,1.5999832,11.9851265,-4.0000057,1],"materials":["C:26"],"designId":"75535","id":1959},{"transform":[0,-0.98786944,0.15528688,0,0,0.15528688,0.98786944,0,-1,0,0,0,-1.5258789E-5,11.9851265,-4.0000057,1],"materials":["C:26"],"designId":"6558","id":1960},{"transform":[0,-2.7650707E-5,-1,0,0,1,-2.7650707E-5,0,1,0,0,0,3.9999886,11.985127,-2.3999434,1],"materials":["C:21","C:21"],"designId":"32523","id":1957},{"transform":[0,0.14285643,0.9897434,0,0,0.9897434,-0.14285643,0,-1,0,0,0,0,12.77683,-2.515019,1],"materials":["C:26"],"designId":"3706","id":1949},{"transform":[0,-0.14286019,-0.9897429,0,0,0.9897429,-0.14286019,0,1,0,0,0,3.1999884,12.776913,-2.514294,1],"materials":["C:26"],"designId":"75535","id":1986},{"transform":[0,0.9897434,-0.14285637,0,0,0.14285637,0.9897434,0,1,0,0,0,1.5999851,12.776921,-2.5142937,1],"materials":["C:26"],"designId":"32009","id":1950}],"customTransform":[1,0,0,0,0,1,0,0,0,0,1,0,0,0,0,1],"id":-25,"submodels":[]},{"parts":[{"transform":[0,0.98974353,-0.14285639,0,0,0.14285639,0.98974353,0,1,0,0,0,3.9999828,12.776924,-2.5142944,1],"materials":["C:26"],"designId":"32009","id":1952},{"transform":[0,-0.9671405,0.25424242,0,0,-0.25424242,-0.9671405,0,1,0,0,0,4.800005,14.360403,-2.7435904,1],"materials":["C:26"],"designId":"6558","id":1920},{"transform":[0,-0.14282489,-0.98974806,0,0,0.98974806,-0.14282489,0,1,0,0,0,3.1999912,14.360509,-2.7428637,1],"materials":["C:26"],"designId":"75535","id":1987},{"transform":[0,-0.99582756,0.09125501,0,0,-0.09125501,-0.99582756,0,1,0,0,0,2.3999882,14.36051,-2.7428634,1],"materials":["C:26"],"designId":"6558","id":1921},{"transform":[0,-0.96714145,0.25423905,0,0,-0.25423905,-0.96714145,0,1,0,0,0,4.7999973,17.527588,-3.200733,1],"materials":["C:26"],"designId":"6558","id":1985},{"transform":[0,-0.9958276,0.09125506,0,0,-0.09125506,-0.9958276,0,1,0,0,0,2.3999882,17.52769,-3.2000089,1],"materials":["C:26"],"designId":"6558","id":1972},{"transform":[0,0.14285643,0.9897434,0,0,0.9897434,-0.14285643,0,-1,0,0,0,1.9999794,17.84665,-3.650188,1],"materials":["C:26"],"designId":"3021","id":1936},{"transform":[0,0.14285643,0.9897434,0,0,0.9897434,-0.14285643,0,-1,0,0,0,1.9999794,17.84665,-3.650188,1],"materials":["C:26"],"designId":"2817","id":1937},{"transform":[0,0.14285643,0.9897434,0,0,0.9897434,-0.14285643,0,-1,0,0,0,1.999976,18.163366,-3.695902,1],"materials":["C:26"],"designId":"3020","id":1935},{"transform":[0,0.14285643,0.9897434,0,0,0.9897434,-0.14285643,0,-1,0,0,0,1.9999832,18.480083,-3.7416162,1],"materials":["C:26","C:26","C:26"],"designId":"3003","id":1934}],"customTransform":[1,0,0,0,0,1,0,0,0,0,1,0,0,0,0,1],"id":-26,"submodels":[]},{"parts":[{"transform":[0,0.14285643,0.9897434,0,0,0.9897434,-0.14285643,0,-1,0,0,0,1.9999759,18.708654,-2.1580286,1],"materials":["C:199"],"designId":"30000","id":1948},{"transform":[0,0.14285645,0.9897434,0,-1,0,0,0,0,-0.9897434,0.14285643,0,2.399981,18.924154,-1.7849871,1],"materials":["C:5"],"designId":"99008","id":1943},{"transform":[-1,0,0,0,0,0.9897434,-0.14285643,0,0,-0.14285643,-0.9897434,0,2.7999816,19.430237,-3.8787632,1],"materials":["C:26"],"designId":"3023","id":1933},{"transform":[0,0.14285643,0.9897434,0,0,0.9897434,-0.14285643,0,-1,0,0,0,1.9999784,19.544521,-3.0869644,1],"materials":["C:26"],"designId":"60474","id":1928},{"transform":[0,0.14285642,0.9897434,0,0,0.9897434,-0.14285642,0,-1,0,0,0,0.7999829,19.568417,-0.26139933,1],"materials":["C:26"],"designId":"3705","id":1951},{"transform":[0,0.14285643,0.9897434,0,0,0.9897434,-0.14285643,0,-1,0,0,0,1.9999746,19.746956,-3.9244752,1],"materials":["C:26"],"designId":"3022","id":1929},{"transform":[0,0.14285643,0.9897434,0,0,0.9897434,-0.14285643,0,-1,0,0,0,1.9999784,19.887377,-0.7115796,1],"materials":["C:21"],"designId":"2817","id":1927},{"transform":[-1,0,0,0,0,0.9897434,-0.14285643,0,0,-0.14285643,-0.9897434,0,4.3999763,19.975525,-2.3408873,1],"materials":["C:26"],"designId":"32001","id":1938},{"transform":[-1,0,0,0,0,0.9897434,-0.14285643,0,0,-0.14285643,-0.9897434,0,2.7999778,20.001663,0.080209695,1],"materials":["C:26"],"designId":"3023","id":1926},{"transform":[-1,0,0,0,0,0.9897434,-0.14285643,0,0,-0.14285643,-0.9897434,0,2.799973,20.063673,-3.9701915,1],"materials":["C:26"],"designId":"3023","id":1931}],"customTransform":[1,0,0,0,0,1,0,0,0,0,1,0,0,0,0,1],"id":-27,"submodels":[]},{"parts":[{"transform":[-1,0,0,0,0,0.9897434,-0.14285643,0,0,-0.14285643,-0.9897434,0,2.800202,20.177963,-3.1784005,1],"materials":["C:26","C:26"],"designId":"3069","id":1930},{"transform":[0,0.14285643,0.9897434,0,0,0.9897434,-0.14285643,0,-1,0,0,0,1.9999708,20.204096,-0.7572903,1],"materials":["C:26"],"designId":"3022","id":1924},{"transform":[0,0.14285643,0.9897434,0,0,0.9897434,-0.14285643,0,-1,0,0,0,1.1999782,20.292212,-2.386818,1],"materials":["C:26","C:26"],"designId":"3069","id":1947},{"transform":[0,0.14285643,0.9897434,0,0,0.9897434,-0.14285643,0,-1,0,0,0,3.5999799,20.292213,-2.3868184,1],"materials":["C:26","C:26"],"designId":"3069","id":1944},{"transform":[0,0.14285643,0.9897434,0,0,0.9897434,-0.14285643,0,-1,0,0,0,1.9999776,20.292244,-2.386599,1],"materials":["C:26"],"designId":"6143","id":1941},{"transform":[0,0.14285643,0.9897434,0,0,0.9897434,-0.14285643,0,-1,0,0,0,4.3999686,20.292244,-2.386597,1],"materials":["C:26"],"designId":"3023","id":1945},{"transform":[0,0.14285643,0.9897434,0,0,0.9897434,-0.14285643,0,-1,0,0,0,0.39996767,20.292244,-2.3865955,1],"materials":["C:26"],"designId":"3023","id":1939},{"transform":[-1,0,0,0,0,0.9897434,-0.14285643,0,0,-0.14285643,-0.9897434,0,2.8002017,20.38039,-4.0159044,1],"materials":["C:26","C:26"],"designId":"3069","id":1932},{"transform":[-1,0,0,0,0,0.9897434,-0.14285643,0,0,-0.14285643,-0.9897434,0,2.800199,20.520813,-0.8030096,1],"materials":["C:26","C:26"],"designId":"3069","id":1925},{"transform":[0,0.14285643,0.9897434,0,0,0.9897434,-0.14285643,0,-1,0,0,0,0.3999791,20.608929,-2.432531,1],"materials":["C:26","C:26"],"designId":"3069","id":1940}],"customTransform":[1,0,0,0,0,1,0,0,0,0,1,0,0,0,0,1],"id":-28,"submodels":[]},{"parts":[{"transform":[0,0.14285643,0.9897434,0,0,0.9897434,-0.14285643,0,-1,0,0,0,4.399978,20.60893,-2.432532,1],"materials":["C:26","C:26"],"designId":"3069","id":1946},{"transform":[-1,0,0,0,0,0.9897434,-0.14285643,0,0,-0.14285643,-0.9897434,0,2.7999701,20.6351,-0.011216286,1],"materials":["C:26"],"designId":"3023","id":1923},{"transform":[-1,0,0,0,0,0.9897434,-0.14285643,0,0,-0.14285643,-0.9897434,0,2.8001924,20.951813,-0.056928795,1],"materials":["C:26","C:26"],"designId":"3069","id":1922},{"transform":[0,0.14285645,0.9897434,0,0,0.9897434,-0.14285645,0,-1,0,0,0,1.9999813,21.242393,-2.523739,1],"materials":["C:26","C:26","C:26","C:26","C:26","C:26"],"designId":"30367","id":1942},{"transform":[0,0.14285645,0.9897434,0,0,0.9897434,-0.14285645,0,-1,0,0,0,2.399981,22.24969,-2.264984,1],"materials":["C:41","C:41"],"designId":"98138","id":1955}],"customTransform":[1,0,0,0,0,1,0,0,0,0,1,0,0,0,0,1],"id":-29,"submodels":[]}]}]},{"parts":[],"customTransform":[1,0,0,0,0,1,0,0,0,0,1,0,0,0,0,1],"id":-30,"submodels":[{"isCallout":false,"customTransform":[1,0,0,0,0,1,0,0,0,0,1,0,0,0,0,1],"id":-31,"steps":[{"parts":[{"transform":[1.7773519E-4,0.14348249,0.98965293,0,0.0026448623,0.9896494,-0.14348249,0,-0.99999654,0.0026429985,-2.0359598E-4,0,4.3831697,20.80752,-3.2676148,1],"materials":["C:21"],"designId":"2420","id":1202},{"transform":[0.9999964,-0.0026429973,2.0359598E-4,0,0.0026448611,0.9896494,-0.14348246,0,1.7773494E-4,0.14348248,0.9896528,0,1.1831746,20.815979,-3.268267,1],"materials":["C:21"],"designId":"3020","id":725},{"transform":[-1.7773494E-4,-0.14348248,-0.9896528,0,0.0026448611,0.9896494,-0.14348246,0,0.9999964,-0.0026429973,2.0359598E-4,0,2.782749,20.839417,-0.84685916,1],"materials":["C:26"],"designId":"11833","id":724},{"transform":[-0.99999654,0.0026429985,-2.0359598E-4,0,0.0026448623,0.9896494,-0.14348249,0,-1.7773519E-4,-0.14348249,-0.98965293,0,1.1833247,20.930765,-2.476542,1],"materials":["C:21"],"designId":"2420","id":1203},{"transform":[0.9999964,-0.0026429973,2.0359598E-4,0,0.0026448611,0.9896494,-0.14348246,0,1.7773494E-4,0.14348248,0.9896528,0,0.38388163,21.019993,-4.106066,1],"materials":["C:21"],"designId":"3666","id":726},{"transform":[0.99999654,-0.0026429985,2.0359598E-4,0,0.0026448623,0.9896494,-0.14348249,0,1.7773519E-4,0.14348249,0.98965293,0,3.5834541,21.03921,-1.6843317,1],"materials":["C:21"],"designId":"2420","id":1201},{"transform":[-1.7773424E-4,-0.14348209,-0.989653,0,0.0026448627,0.9896494,-0.14348246,0,0.99999654,-0.0026429994,2.0359641E-4,0,4.3839755,21.124187,-3.313503,1],"materials":["C:21"],"designId":"3665","id":1211},{"transform":[1.7773424E-4,0.14348209,0.989653,0,0.0026448627,0.9896494,-0.14348246,0,-0.99999654,0.0026429994,-2.0359641E-4,0,0.38398382,21.134758,-3.314317,1],"materials":["C:21"],"designId":"3665","id":1212},{"transform":[-1.7773519E-4,-0.14348249,-0.98965293,0,0.0026448623,0.9896494,-0.14348249,0,0.99999654,-0.0026429985,2.0359598E-4,0,0.38360795,21.16245,-0.8932611,1],"materials":["C:21"],"designId":"2420","id":1204},{"transform":[1.7773488E-4,0.14348248,0.98965293,0,0.0026448607,0.9896493,-0.14348246,0,-0.9999964,0.0026429966,-2.0359598E-4,0,0.38416335,21.249561,-2.5226202,1],"materials":["C:154"],"designId":"3747","id":748}],"customTransform":[1,0,0,0,0,1,0,0,0,0,1,0,0,0,0,1],"id":-32,"submodels":[]},{"parts":[{"transform":[0.9999964,-0.0026429973,2.0359598E-4,0,0.0026448611,0.9896494,-0.14348246,0,1.7773494E-4,0.14348248,0.9896528,0,1.1837437,21.27512,-0.10137711,1],"materials":["C:21"],"designId":"3020","id":722},{"transform":[-1.7773424E-4,-0.14348209,-0.989653,0,0.0026448627,0.9896494,-0.14348246,0,0.99999654,-0.0026429994,2.0359641E-4,0,4.384682,21.326086,-4.1511393,1],"materials":["C:21"],"designId":"3665","id":1165},{"transform":[1.7773424E-4,0.14348209,0.989653,0,0.0026448627,0.9896494,-0.14348246,0,-0.99999654,0.0026429994,-2.0359641E-4,0,0.38468817,21.33666,-4.151952,1],"materials":["C:21"],"designId":"3665","id":1122},{"transform":[-1.7773488E-4,-0.14348248,-0.98965293,0,0.0026448607,0.9896493,-0.14348246,0,0.9999964,-0.0026429966,2.0359598E-4,0,4.384294,21.353777,-1.7300825,1],"materials":["C:154"],"designId":"3747","id":738},{"transform":[0.9999964,-0.0026429978,2.0359602E-4,0,0.002644862,0.9896493,-0.14348249,0,1.7773513E-4,0.14348248,0.9896528,0,1.1838831,21.38991,0.690349,1],"materials":["C:21"],"designId":"3710","id":696},{"transform":[-1.7773494E-4,-0.14348248,-0.9896528,0,0.0026448611,0.9896494,-0.14348246,0,0.9999964,-0.0026429973,2.0359598E-4,0,2.784858,21.445127,-3.3597684,1],"materials":["C:21"],"designId":"3021","id":720},{"transform":[-1.7773424E-4,-0.14348209,-0.989653,0,0.0026448627,0.9896494,-0.14348246,0,0.99999654,-0.0026429994,2.0359641E-4,0,4.384401,21.468544,-0.9383485,1],"materials":["C:21"],"designId":"3665","id":1210},{"transform":[-1.7773494E-4,-0.14348248,-0.9896528,0,0.0026448611,0.9896494,-0.14348246,0,0.9999964,-0.0026429973,2.0359598E-4,0,2.7844377,21.472792,-0.938688,1],"materials":["C:41"],"designId":"11833","id":721},{"transform":[1.7773424E-4,0.14348209,0.989653,0,0.0026448627,0.9896494,-0.14348246,0,-0.99999654,0.0026429994,-2.0359641E-4,0,0.38440987,21.479113,-0.9391595,1],"materials":["C:21"],"designId":"3665","id":1205},{"transform":[0.9999964,-0.0026429973,2.0359598E-4,0,0.0026448611,0.9896494,-0.14348246,0,1.7773494E-4,0.14348248,0.9896528,0,0.3854331,21.538582,-4.9896154,1],"materials":["C:21"],"designId":"3666","id":719}],"customTransform":[1,0,0,0,0,1,0,0,0,0,1,0,0,0,0,1],"id":-33,"submodels":[]},{"parts":[{"transform":[0.9999964,-0.0026429973,2.0359598E-4,0,0.0026448611,0.9896494,-0.14348246,0,1.7773494E-4,0.14348248,0.9896528,0,0.38459274,21.593927,-0.14745396,1],"materials":["C:21"],"designId":"3666","id":723},{"transform":[0.9999964,-0.0026429973,2.0359598E-4,0,0.0026448611,0.9896494,-0.14348246,0,1.7773494E-4,0.14348248,0.9896528,0,1.1855705,21.651258,-4.1977315,1],"materials":["C:5"],"designId":"3710","id":727},{"transform":[-1.7773513E-4,-0.14348248,-0.9896528,0,0.002644862,0.9896493,-0.14348249,0,0.9999964,-0.0026429978,2.0359602E-4,0,3.5847185,21.700253,0.64492327,1],"materials":["C:26"],"designId":"4081","id":695},{"transform":[0.9999964,-0.0026429978,2.0359602E-4,0,0.002644862,0.9896493,-0.14348249,0,1.7773513E-4,0.14348248,0.9896528,0,1.9847248,21.704483,0.6445962,1],"materials":["C:26"],"designId":"3023","id":697},{"transform":[1.7773513E-4,0.14348248,0.9896528,0,0.002644862,0.9896493,-0.14348249,0,-0.9999964,0.0026429978,-2.0359602E-4,0,1.1847284,21.706598,0.6444349,1],"materials":["C:26"],"designId":"4081","id":786},{"transform":[0.9999965,-0.002642998,2.03596E-4,0,0.0026448627,0.9896493,-0.14348249,0,1.7773524E-4,0.14348249,0.9896528,0,2.7857091,21.761816,-3.4056835,1],"materials":["C:21"],"designId":"14719","id":1334},{"transform":[-1.7773517E-4,-0.14348254,-0.98965293,0,0.0026448616,0.9896494,-0.14348249,0,0.99999654,-0.002642998,2.035959E-4,0,4.386271,21.844706,-5.034715,1],"materials":["C:21"],"designId":"3665","id":1176},{"transform":[1.7773507E-4,0.14348254,0.98965293,0,0.002644861,0.9896494,-0.14348249,0,-0.99999654,0.002642998,-2.0359586E-4,0,0.38628545,21.855272,-5.035529,1],"materials":["C:21"],"designId":"3665","id":1184},{"transform":[-1.7773524E-4,-0.14348249,-0.9896528,0,0.0026448627,0.9896493,-0.14348249,0,0.9999965,-0.002642998,2.03596E-4,0,1.1858548,21.88083,-2.614287,1],"materials":["C:21"],"designId":"14719","id":1332},{"transform":[-1.7773424E-4,-0.14348209,-0.989653,0,0.0026448627,0.9896494,-0.14348246,0,0.99999654,-0.0026429994,2.0359641E-4,0,4.3853903,21.900017,-0.19254556,1],"materials":["C:21"],"designId":"3665","id":1173}],"customTransform":[1,0,0,0,0,1,0,0,0,0,1,0,0,0,0,1],"id":-34,"submodels":[]},{"parts":[{"transform":[1.7773424E-4,0.14348209,0.989653,0,0.0026448627,0.9896494,-0.14348246,0,-0.99999654,0.0026429994,-2.0359641E-4,0,0.3853987,21.910585,-0.19335987,1],"materials":["C:21"],"designId":"3665","id":1213},{"transform":[0.0026448623,0.9896493,-0.14348248,0,1.7773508E-4,0.14348248,0.98965293,0,0.9999964,-0.0026429978,2.0359602E-4,0,4.38539,21.962246,0.7684692,1],"materials":["C:41"],"designId":"58176","id":790},{"transform":[0.9999964,-0.0026429973,2.0359598E-4,0,0.0026448611,0.9896494,-0.14348246,0,1.7773494E-4,0.14348248,0.9896528,0,1.1864139,21.967947,-4.243645,1],"materials":["C:23"],"designId":"3020","id":718},{"transform":[0.0026448625,0.9896494,-0.14348242,0,1.7773545E-4,0.14348258,0.9896528,0,0.9999964,-0.0026429978,2.0359602E-4,0,0.385404,21.972818,0.76765406,1],"materials":["C:41"],"designId":"58176","id":789},{"transform":[1.7773524E-4,0.14348249,0.9896528,0,0.0026448627,0.9896493,-0.14348249,0,-0.9999965,0.002642998,-2.03596E-4,0,3.58599,21.989271,-1.822077,1],"materials":["C:21"],"designId":"14719","id":1333},{"transform":[-1.7773514E-4,-0.14348248,-0.98965293,0,0.0026448623,0.9896493,-0.14348249,0,0.9999964,-0.0026429978,2.0359604E-4,0,3.5855649,22.01694,0.5990088,1],"materials":["C:26"],"designId":"3024","id":694},{"transform":[-1.7773494E-4,-0.14348248,-0.9896528,0,0.0026448611,0.9896494,-0.14348246,0,0.9999964,-0.0026429973,2.0359598E-4,0,2.7855694,22.019056,0.5988421,1],"materials":["C:26"],"designId":"3021","id":698},{"transform":[-1.7764771E-4,-0.14348248,-0.98965293,0,0.0026448623,0.9896493,-0.14348249,0,0.9999964,-0.0026429852,2.0368255E-4,0,1.1855738,22.023285,0.5985205,1],"materials":["C:26"],"designId":"3024","id":787},{"transform":[-1.777343E-4,-0.14348207,-0.989653,0,0.0026448632,0.9896494,-0.14348246,0,0.99999654,-0.0026429992,2.0359638E-4,0,5.1864624,22.072136,-3.451083,1],"materials":["C:21"],"designId":"3665","id":1270},{"transform":[1.7773488E-4,0.14348248,0.98965293,0,0.0026448607,0.9896493,-0.14348246,0,-0.9999964,0.0026429966,-2.0359598E-4,0,0.3865602,22.08484,-3.452085,1],"materials":["C:24"],"designId":"2420","id":747}],"customTransform":[1,0,0,0,0,1,0,0,0,0,1,0,0,0,0,1],"id":-35,"submodels":[]},{"parts":[{"transform":[1.7773434E-4,0.14348207,0.989653,0,0.0026448634,0.9896494,-0.14348248,0,-0.99999654,0.0026429994,-2.0359641E-4,0,-0.41347578,22.086931,-3.4522226,1],"materials":["C:21"],"designId":"3665","id":121