{"pageSetup":{"textZoom":100,"highlight":true,"assemblyZoom":100,"partZoom":100,"useShade":true,"width":768,"height":1024},"pages":[{"color":"#FFFFFF","children":[{"children":[],"x":50,"y":200,"fontSize":20,"id":-506,"text":"Press \"Generate from steps\" to generate instructions","class":"blueprint.scene.TextBox"}],"x":0,"y":0,"id":-505,"class":"blueprint.scene.Scene"}],"model":{"isCallout":false,"customTransform":[1,0,0,0,0,0.99999994,0,0,0,0,0.99999994,0,0,0,0,1],"id":-261,"steps":[{"parts":[],"customTransform":[1,0,0,0,0,1,0,0,0,0,1,0,0,0,0,1],"id":-1166,"submodels":[]},{"parts":[],"customTransform":[1,0,0,0,0,1,0,0,0,0,1,0,0,0,0,1],"id":-275,"submodels":[{"isCallout":false,"customTransform":[1,0,0,0,0,1,0,0,0,0,1,0,0,0,0,1],"id":-276,"steps":[{"parts":[{"transform":[0,0,1,0,0,1,0,0,-1,0,0,0,-3.5999966,0,-9.199999,1],"materials":["C:26"],"designId":"99780","id":1916},{"transform":[1,0,0,0,0,1,0,0,0,0,1,0,-2.7999992,0,2.7999992,1],"materials":["C:26"],"designId":"91988","id":1891},{"transform":[0,0,1,0,0,1,0,0,-1,0,0,0,-3.5999985,0,1.9999962,1],"materials":["C:26"],"designId":"99780","id":1889},{"transform":[0,0,-1,0,0,1,0,0,1,0,0,0,8.400003,0,-8.400003,1],"materials":["C:26"],"designId":"99780","id":1904},{"transform":[1,0,0,0,0,1,0,0,0,0,1,0,6.000003,0,3.5999975,1],"materials":["C:26"],"designId":"3460","id":1895},{"transform":[0,0,-1,0,0,1,0,0,1,0,0,0,8.399998,0,2.7999945,1],"materials":["C:26"],"designId":"99780","id":1893},{"transform":[1,0,0,0,0,1,0,0,0,0,1,0,-2.7999964,0,-8.4,1],"materials":["C:26"],"designId":"91988","id":1908},{"transform":[0,0,1,0,0,1,0,0,-1,0,0,0,0.39999962,0.32000083,-9.200001,1],"materials":["C:26"],"designId":"3703","id":1918},{"transform":[1,0,0,0,0,1,0,0,0,0,1,0,1.2000027,0.32000083,-8.400001,1],"materials":["C:26"],"designId":"3001","id":1909},{"transform":[1,0,0,0,0,1,0,0,0,0,1,0,1.2000008,0.3200013,2.7999973,1],"materials":["C:26"],"designId":"3001","id":1882}],"customTransform":[1,0,0,0,0,1,0,0,0,0,1,0,0,0,0,1],"id":-277,"submodels":[]},{"parts":[{"transform":[0,0,1,0,0,1,0,0,-1,0,0,0,-0.39999962,0.32000083,-9.200001,1],"materials":["C:26"],"designId":"3023","id":1914},{"transform":[0,0,1,0,0,1,0,0,-1,0,0,0,-0.3999977,0.3200013,1.9999981,1],"materials":["C:26"],"designId":"3023","id":1898}],"customTransform":[1,0,0,0,0,1,0,0,0,0,1,0,0,0,0,1],"id":-774,"submodels":[]},{"parts":[{"transform":[1,0,0,0,0,1,0,0,0,0,1,0,-3.5999966,0.32000083,-8.4,1],"materials":["C:26"],"designId":"3020","id":1915},{"transform":[1,0,0,0,0,1,0,0,0,0,1,0,6.000002,0.3200013,-8.400002,1],"materials":["C:26"],"designId":"3020","id":1903},{"transform":[1,0,0,0,0,1,0,0,0,0,1,0,-3.5999947,0.3200013,3.5999966,1],"materials":["C:26","C:26"],"designId":"88646","id":1888},{"transform":[1,0,0,0,0,1,0,0,0,0,1,0,6.000003,0.32000083,3.5999966,1],"materials":["C:26","C:26"],"designId":"88646","id":1892},{"transform":[1,0,0,0,0,1,0,0,0,0,1,0,9.1997795,0.32000178,3.5999956,1],"materials":["C:26","C:26"],"designId":"3069","id":1896}],"customTransform":[1,0,0,0,0,1,0,0,0,0,1,0,0,0,0,1],"id":-772,"submodels":[]},{"parts":[{"transform":[0,0,1,0,0,1,0,0,-1,0,0,0,4.3999996,0.3200013,-9.2,1],"materials":["C:26"],"designId":"3703","id":1899}],"customTransform":[1,0,0,0,0,1,0,0,0,0,1,0,0,0,0,1],"id":-773,"submodels":[]},{"parts":[{"transform":[0,0,1,0,0,1,0,0,-1,0,0,0,5.199997,0.3200013,1.999999,1],"materials":["C:26"],"designId":"3023","id":1897},{"transform":[0,0,1,0,0,1,0,0,-1,0,0,0,5.199999,0.3200013,-9.199999,1],"materials":["C:26"],"designId":"3023","id":1907}],"customTransform":[0,0,0.99999994,0,0,1,0,0,-0.99999994,0,0,0,0,0,0,1],"id":-278,"submodels":[]},{"parts":[{"transform":[0,-0.0037202633,0.9999931,0,0,0.9999931,0.0037202633,0,-1,0,0,0,3.2000074,0.9000006,-0.8000002,1],"materials":["C:26"],"designId":"6558","id":1876},{"transform":[0,-0.006754565,-0.99997723,0,0,0.99997723,-0.006754565,0,1,0,0,0,1.6000013,0.9000015,-0.80000067,1],"materials":["C:26"],"designId":"6558","id":1919},{"transform":[0,0.13347958,-0.9910516,0,0,0.9910516,0.13347958,0,1,0,0,0,1.6000004,0.900002,-5.6000004,1],"materials":["C:26"],"designId":"6558","id":1968},{"transform":[0,-0.0037128686,0.9999931,0,0,0.9999931,0.0037128686,0,-1,0,0,0,3.200014,0.9000006,-5.600001,1],"materials":["C:26"],"designId":"6558","id":1986}],"customTransform":[1,0,0,0,0,1,0,0,0,0,1,0,0,0,0,1],"id":-775,"submodels":[]},{"parts":[{"transform":[0,0,1,0,-1,0,0,0,0,-1,0,0,-4.159999,0.4000002,-9.2,1],"materials":["C:21"],"designId":"2412","id":1917},{"transform":[0,0,1,0,-1,0,0,0,0,-1,0,0,-4.160001,0.40000027,1.9999971,1],"materials":["C:21"],"designId":"2412","id":1890},{"transform":[0,0,-1,0,1,0,0,0,0,-1,0,0,8.960005,0.4000007,-8.400001,1],"materials":["C:21"],"designId":"2412","id":1905},{"transform":[0,0,-1,0,1,0,0,0,0,-1,0,0,8.959999,0.40000075,2.7999945,1],"materials":["C:21"],"designId":"2412","id":1894},{"transform":[1,0,0,0,0,1,0,0,0,0,1,0,-1.9999962,0.640001,2.7999973,1],"materials":["C:26"],"designId":"3021","id":1885},{"transform":[1,0,0,0,0,1,0,0,0,0,1,0,5.2000036,0.640001,2.8000002,1],"materials":["C:26"],"designId":"3021","id":1879},{"transform":[1,0,0,0,0,1,0,0,0,0,1,0,-1.999999,0.640001,-8.400001,1],"materials":["C:26"],"designId":"3021","id":1913},{"transform":[1,0,0,0,0,1,0,0,0,0,1,0,5.2000027,0.6400015,-8.400001,1],"materials":["C:26"],"designId":"3021","id":1906}],"customTransform":[1,0,0,0,0,1,0,0,0,0,1,0,0,0,0,1],"id":-279,"submodels":[]},{"parts":[{"transform":[0,0.9897328,-0.14293058,0,0,0.14293058,0.9897328,0,1,0,0,0,4.0000076,0.9000006,-0.80000067,1],"materials":["C:26"],"designId":"41239","id":1875},{"transform":[0,0.9897539,0.14278376,0,0,-0.14278376,0.9897539,0,1,0,0,0,4.0000134,0.9000006,-5.6000004,1],"materials":["C:26"],"designId":"41239","id":1980},{"transform":[0,0.98974323,-0.14285764,0,0,0.14285764,0.98974323,0,1,0,0,0,1.5999975,0.90000105,-0.80000114,1],"materials":["C:26"],"designId":"41239","id":1972},{"transform":[0,0.9897434,0.14285667,0,0,-0.14285667,0.9897434,0,1,0,0,0,1.6000004,0.900002,-5.6000004,1],"materials":["C:26"],"designId":"41239","id":1965}],"customTransform":[1,0,0,0,0,1,0,0,0,0,1,0,0,0,0,1],"id":-280,"submodels":[]},{"parts":[{"transform":[1,0,0,0,0,1,0,0,0,0,1,0,5.2000027,0.9600012,-8.400001,1],"materials":["C:26"],"designId":"3022","id":1901},{"transform":[1,0,0,0,0,1,0,0,0,0,1,0,-1.1999998,0.9600012,-8.4,1],"materials":["C:26"],"designId":"3022","id":1911}],"customTransform":[0,0,-0.9999999,0,0,1,0,0,0.9999999,0,0,0,0,0,0,1],"id":-784,"submodels":[]},{"parts":[{"transform":[1,0,0,0,0,1,0,0,0,0,1,0,2.800004,1.2800009,-8.399999,1],"materials":["C:26","C:26"],"designId":"87079","id":1900},{"transform":[1,0,0,0,0,1,0,0,0,0,1,0,6,1.2800014,-8.400002,1],"materials":["C:26"],"designId":"93606","id":1902},{"transform":[1,0,0,0,0,1,0,0,0,0,1,0,-0.39999676,1.2800014,-8.4,1],"materials":["C:26","C:26"],"designId":"87079","id":1910},{"transform":[-1,0,0,0,0,1,0,0,0,0,-1,0,-1.2000036,1.2800009,-9.200001,1],"materials":["C:26"],"designId":"93606","id":1912}],"customTransform":[0,0,-0.99999994,0,0,1,0,0,0.99999994,0,0,0,0,0,0,1],"id":-785,"submodels":[]},{"parts":[{"transform":[0,0,-1,0,0,1,0,0,1,0,0,0,6.000003,0.9600012,2.7999983,1],"materials":["C:26"],"designId":"60478","id":1878},{"transform":[0,0,-1,0,0,1,0,0,1,0,0,0,5.2000036,0.9600012,2.7999983,1],"materials":["C:26"],"designId":"60478","id":1880},{"transform":[0,0,-1,0,0,1,0,0,1,0,0,0,-1.1999979,0.9600012,2.7999973,1],"materials":["C:26"],"designId":"60478","id":1887},{"transform":[0,0,-1,0,0,1,0,0,1,0,0,0,-0.39999866,0.9600012,2.7999954,1],"materials":["C:26"],"designId":"60478","id":1884}],"customTransform":[1,0,0,0,0,1,0,0,0,0,1,0,0,0,0,1],"id":-783,"submodels":[]},{"parts":[{"transform":[-1,0,0,0,0,1,0,0,0,0,-1,0,-1.2000055,1.2800004,1.9999962,1],"materials":["C:26"],"designId":"93606","id":1886},{"transform":[1,0,0,0,0,1,0,0,0,0,1,0,2.800002,1.2800009,2.7999992,1],"materials":["C:26","C:26"],"designId":"87079","id":1881},{"transform":[1,0,0,0,0,1,0,0,0,0,1,0,6.000001,1.2800014,2.7999983,1],"materials":["C:26"],"designId":"93606","id":1877},{"transform":[1,0,0,0,0,1,0,0,0,0,1,0,-0.39999866,1.2800009,2.7999935,1],"materials":["C:26","C:26"],"designId":"87079","id":1883}],"customTransform":[1,0,0,0,0,1,0,0,0,0,1,0,0,0,0,1],"id":-281,"submodels":[]},{"parts":[{"transform":[0,0.9659258,-0.2588192,0,0,0.2588192,0.9659258,0,1,0,0,0,5.987002,1.9161549,3.1533935,1],"materials":["C:26"],"designId":"63868","id":1992},{"transform":[0,0.9659258,-0.2588192,0,0,0.2588192,0.9659258,0,1,0,0,0,5.187002,1.916152,3.1533952,1],"materials":["C:26"],"designId":"63868","id":1990},{"transform":[0,0.9659258,-0.2588191,0,0,0.2588191,0.9659258,0,1,0,0,0,-1.2130032,1.9161516,3.1533937,1],"materials":["C:26"],"designId":"63868","id":1996},{"transform":[0,0.9659258,-0.2588191,0,0,0.2588191,0.9659258,0,1,0,0,0,-0.41300297,1.916154,3.1533928,1],"materials":["C:26"],"designId":"63868","id":1995}],"customTransform":[1,0,0,0,0,1,0,0,0,0,1,0,0,0,0,1],"id":-786,"submodels":[]},{"parts":[{"transform":[0,-0.99122876,-0.13215767,0,0,-0.13215767,0.99122876,0,-1,0,0,0,-0.8000097,6.442562,-4.800003,1],"materials":["C:26"],"designId":"6558","id":1966},{"transform":[0,-0.9897435,-0.14285669,0,0,-0.14285669,0.9897435,0,-1,0,0,0,-0.8000078,8.026151,-4.5714326,1],"materials":["C:26"],"designId":"6558","id":1964},{"transform":[0,-0.98974335,-0.14285673,0,0,-0.14285673,0.98974335,0,-1,0,0,0,-0.8000059,10.401536,-4.228576,1],"materials":["C:26"],"designId":"6558","id":1969}],"customTransform":[1,0,0,0,0,1,0,0,0,0,1,0,0,0,0,1],"id":-282,"submodels":[{"isCallout":false,"customTransform":[-1,-0,0,-0,-0,0.2588191,0.9659258,0,0,0.9659258,-0.2588191,-0,8.387,-4.1818824,-5.0347104,1],"id":-787,"steps":[{"parts":[{"transform":[1,0,0,0,0,0.2588192,0.9659258,0,0,-0.9659258,0.2588192,0,4.3870034,1.9989767,3.4624908,1],"materials":["C:26"],"designId":"3020","id":1991},{"transform":[1,0,0,0,0,0.2588191,0.9659258,0,0,-0.9659258,0.2588191,0,-2.013002,1.9989758,3.462489,1],"materials":["C:26"],"designId":"3020","id":1994},{"transform":[-1,0,0,0,0,0.2588191,0.9659258,0,0,0.9659258,-0.2588191,0,8.387,5.945508,2.7363088,1],"materials":["C:26"],"designId":"90498","id":1993}],"customTransform":[1,0,0,0,0,-0.9999999,0,0,0,0,-0.9999999,0,0,0,0,1],"id":-788,"submodels":[]}]}]},{"parts":[{"transform":[0,-0.99189186,0.12708488,0,0,0.12708488,0.99189186,0,-1,0,0,0,-0.7999983,6.4425616,-1.6000028,1],"materials":["C:26"],"designId":"6558","id":1971},{"transform":[0,-0.98974323,0.14285766,0,0,0.14285766,0.98974323,0,-1,0,0,0,-0.80000496,9.60974,-2.0571475,1],"materials":["C:26"],"designId":"6558","id":1973},{"transform":[0,-0.98974323,0.14285766,0,0,0.14285766,0.98974323,0,-1,0,0,0,-0.8000021,10.401535,-2.171434,1],"materials":["C:26"],"designId":"6558","id":1921}],"customTransform":[1,0,0,0,0,1,0,0,0,0,1,0,0,0,0,1],"id":-815,"submodels":[]},{"parts":[{"transform":[0,0,-1,0,0,1,0,0,1,0,0,0,0.79998875,6.442562,-1.6000032,1],"materials":["C:21"],"designId":"32316","id":1970}],"customTransform":[1,0,0,0,0,1,0,0,0,0,1,0,0,0,0,1],"id":-835,"submodels":[]},{"parts":[],"customTransform":[1,0,0,0,0,1,0,0,0,0,1,0,0,0,0,1],"id":-817,"submodels":[{"isCallout":false,"customTransform":[0,-0,1,-0,0.9897431,0.14285758,-0,0,-0.14285758,0.9897431,0,-0,-9.80505,0.66322523,-0.79998016,1],"id":-823,"steps":[]},{"isCallout":false,"customTransform":[0,-0,1,-0,-0,1,-0,0,-1,-0,0,-0,-2.4000063,-11.985126,-1.5999832,1],"id":-821,"steps":[{"parts":[{"transform":[0,0,-1,0,0,1,0,0,1,0,0,0,1.5999832,11.985126,-2.4000063,1],"materials":["C:21","C:21"],"designId":"32523","id":1975}],"customTransform":[1,0,0,0,0,1,0,0,0,0,1,0,0,0,0,1],"id":-822,"submodels":[]},{"parts":[{"transform":[0,-0.98786944,0.15528688,0,0,0.15528688,0.98786944,0,-1,0,0,0,-1.5258789E-5,11.9851265,-4.0000057,1],"materials":["C:26"],"designId":"6558","id":1962},{"transform":[0,-0.9878133,0.15564345,0,0,0.15564345,0.9878133,0,-1,0,0,0,-1.1444092E-5,11.985125,-2.4000058,1],"materials":["C:26"],"designId":"6558","id":1976}],"customTransform":[1,0,0,0,0,1,0,0,0,0,1,0,0,0,0,1],"id":-832,"submodels":[]},{"parts":[{"transform":[0,-0.006902201,0.99997616,0,0,0.99997616,0.006902201,0,-1,0,0,0,1.599987,11.985126,-2.4000063,1],"materials":["C:26"],"designId":"75535","id":1977},{"transform":[0,-0.0068896236,0.99997634,0,0,0.99997634,0.0068896236,0,-1,0,0,0,1.5999832,11.9851265,-4.0000057,1],"materials":["C:26"],"designId":"75535","id":1961}],"customTransform":[1,0,0,0,0,1,0,0,0,0,1,0,0,0,0,1],"id":-834,"submodels":[]},{"parts":[{"transform":[0,0.9897434,0.14285667,0,0,-0.14285667,0.9897434,0,1,0,0,0,0.79999447,8.026153,-4.5714326,1],"materials":["C:26"],"designId":"41239","id":1963},{"transform":[0,0.98974335,-0.14285761,0,0,0.14285761,0.98974335,0,1,0,0,0,0.79998016,9.609736,-2.057149,1],"materials":["C:26"],"designId":"32524","id":1955}],"customTransform":[1,0,0,0,0,1,0,0,0,0,1,0,0,0,0,1],"id":-833,"submodels":[]},{"parts":[{"transform":[0,-0.99582756,0.09125501,0,0,-0.09125501,-0.99582756,0,1,0,0,0,2.3999882,14.36051,-2.7428634,1],"materials":["C:26"],"designId":"6558","id":1922},{"transform":[0,-0.9958276,0.09125506,0,0,-0.09125506,-0.9958276,0,1,0,0,0,2.3999882,17.52769,-3.2000089,1],"materials":["C:26"],"designId":"6558","id":1974}],"customTransform":[1,0,0,0,0,1,0,0,0,0,1,0,0,0,0,1],"id":-838,"submodels":[]},{"parts":[{"transform":[0,0.9897434,-0.14285637,0,0,0.14285637,0.9897434,0,1,0,0,0,1.5999851,12.776916,-2.5142932,1],"materials":["C:26"],"designId":"32009","id":1951}],"customTransform":[1,0,0,0,0,1,0,0,0,0,1,0,0,0,0,1],"id":-836,"submodels":[]},{"parts":[{"transform":[0,0.14285643,0.9897434,0,0,0.9897434,-0.14285643,0,-1,0,0,0,0,12.776824,-2.5150185,1],"materials":["C:26"],"designId":"3706","id":1950},{"transform":[0,-0.14286019,-0.9897429,0,0,0.9897429,-0.14286019,0,1,0,0,0,3.1999884,12.776913,-2.514294,1],"materials":["C:26"],"designId":"75535","id":1988}],"customTransform":[1,0,0,0,0,1,0,0,0,0,1,0,0,0,0,1],"id":-837,"submodels":[]},{"parts":[{"transform":[0,-0.14282489,-0.98974806,0,0,0.98974806,-0.14282489,0,1,0,0,0,3.1999912,14.360509,-2.7428637,1],"materials":["C:26"],"designId":"75535","id":1989}],"customTransform":[1,0,0,0,0,1,0,0,0,0,1,0,0,0,0,1],"id":-841,"submodels":[]}]}]},{"parts":[{"transform":[0,0.98974323,-0.14285764,0,0,0.14285764,0.98974323,0,1,0,0,0,0,0.9000006,-0.80000067,1],"materials":["C:26"],"designId":"41239","id":1920},{"transform":[0,0.9897435,0.14285669,0,0,-0.14285669,0.9897435,0,1,0,0,0,0,0.9000006,-5.6000004,1],"materials":["C:26"],"designId":"41239","id":1967}],"customTransform":[1,0,0,0,0,1,0,0,0,0,1,0,0,0,0,1],"id":-819,"submodels":[]},{"parts":[{"transform":[0,-0.9914724,-0.13031673,0,0,-0.13031673,0.9914724,0,-1,0,0,0,3.2000103,6.4425035,-1.6004114,1],"materials":["C:26"],"designId":"6558","id":1983},{"transform":[0,-0.9912526,-0.13197865,0,0,-0.13197865,0.9912526,0,-1,0,0,0,3.2000103,9.609648,-2.0577898,1],"materials":["C:26"],"designId":"6558","id":1872},{"transform":[0,-0.991246,-0.13202792,0,0,-0.13202792,0.991246,0,-1,0,0,0,3.2000103,10.401435,-2.172134,1],"materials":["C:26"],"designId":"6558","id":1874}],"customTransform":[0,0,0.99999994,0,0,1,0,0,-0.99999994,0,0,0,0,0,0,1],"id":-813,"submodels":[]},{"parts":[{"transform":[0,-0.99076426,-0.13559574,0,0,-0.13559574,0.99076426,0,-1,0,0,0,3.200019,8.026229,-4.5719576,1],"materials":["C:26"],"designId":"6558","id":1985},{"transform":[0,-0.99076426,-0.13559574,0,0,-0.13559574,0.99076426,0,-1,0,0,0,3.200017,10.401638,-4.229276,1],"materials":["C:26"],"designId":"6558","id":1979},{"transform":[0,-0.9914737,-0.1303075,0,0,-0.1303075,0.9914737,0,-1,0,0,0,3.2000208,6.442622,-4.800411,1],"materials":["C:26"],"designId":"6558","id":1981}],"customTransform":[0,0,0.99999994,0,0,1,0,0,-0.99999994,0,0,0,0,0,0,1],"id":-816,"submodels":[]},{"parts":[{"transform":[0,3.7198657E-5,-1,0,0,1,3.7198657E-5,0,1,0,0,0,4.800009,6.442503,-1.6004119,1],"materials":["C:21"],"designId":"32316","id":1982}],"customTransform":[0,0,0.99999994,0,0,1,0,0,-0.99999994,0,0,0,0,0,0,1],"id":-846,"submodels":[]},{"parts":[],"customTransform":[0,0,0.99999994,0,0,1,0,0,-0.99999994,0,0,0,0,0,0,1],"id":-831,"submodels":[{"isCallout":false,"customTransform":[0.99999994,0,0,0,0,0.9897434,0.14285642,0,0,-0.14285643,0.98974335,0,-1.9999783,-19.785053,0.26324195,1],"id":-844,"steps":[{"parts":[{"transform":[0,0.14285643,0.9897434,0,0,0.9897434,-0.14285643,0,-1,0,0,0,1.9999784,19.544521,-3.0869644,1],"materials":["C:26"],"designId":"60474","id":1929}],"customTransform":[1,0,0,0,0,1,0,0,0,0,1,0,0,0,0,1],"id":-845,"submodels":[]},{"parts":[{"transform":[0,0.14285643,0.9897434,0,0,0.9897434,-0.14285643,0,-1,0,0,0,1.9999759,18.708654,-2.1580272,1],"materials":["C:199"],"designId":"30000","id":1949},{"transform":[0,0.14285643,0.9897434,0,0,0.9897434,-0.14285643,0,-1,0,0,0,1.9999784,19.887377,-0.7115789,1],"materials":["C:21"],"designId":"2817","id":1928},{"transform":[0,0.14285643,0.9897434,0,0,0.9897434,-0.14285643,0,-1,0,0,0,1.9999832,18.480083,-3.7416162,1],"materials":["C:26","C:26","C:26"],"designId":"3003","id":1935}],"customTransform":[1,0,0,0,0,-0.9999999,0,0,0,0,-0.9999999,0,0,0,0,1],"id":-849,"submodels":[]},{"parts":[{"transform":[0,0.14285642,0.9897434,0,0,0.9897434,-0.14285642,0,-1,0,0,0,0.7999829,19.568413,-0.2613981,1],"materials":["C:26"],"designId":"3705","id":1952}],"customTransform":[1,0,0,0,0,1,0,0,0,0,1,0,0,0,0,1],"id":-853,"submodels":[]},{"parts":[{"transform":[-1,0,0,0,0,0.9897434,-0.14285643,0,0,-0.14285643,-0.9897434,0,2.7999778,20.001663,0.080210544,1],"materials":["C:26"],"designId":"3023","id":1927},{"transform":[-1,0,0,0,0,0.9897434,-0.14285643,0,0,-0.14285643,-0.9897434,0,2.7999816,19.430237,-3.8787632,1],"materials":["C:26"],"designId":"3023","id":1934}],"customTransform":[1,0,0,0,0,1,0,0,0,0,1,0,0,0,0,1],"id":-850,"submodels":[]},{"parts":[{"transform":[0,0.14285643,0.9897434,0,0,0.9897434,-0.14285643,0,-1,0,0,0,1.9999708,20.204096,-0.7572894,1],"materials":["C:26"],"designId":"3022","id":1925},{"transform":[0,0.14285643,0.9897434,0,0,0.9897434,-0.14285643,0,-1,0,0,0,1.9999746,19.746956,-3.9244742,1],"materials":["C:26"],"designId":"3022","id":1930},{"transform":[-1,0,0,0,0,0.9897434,-0.14285643,0,0,-0.14285643,-0.9897434,0,4.3999763,19.975525,-2.3408859,1],"materials":["C:26"],"designId":"32001","id":1939}],"customTransform":[1,0,0,0,0,1,0,0,0,0,1,0,0,0,0,1],"id":-851,"submodels":[]},{"parts":[{"transform":[0,0.14285643,0.9897434,0,0,0.9897434,-0.14285643,0,-1,0,0,0,1.999976,18.163366,-3.695902,1],"materials":["C:26"],"designId":"3020","id":1936}],"customTransform":[1,0,0,0,0,-0.9999999,0,0,0,0,-0.9999999,0,0,0,0,1],"id":-852,"submodels":[]},{"parts":[{"transform":[0,0.14285643,0.9897434,0,0,0.9897434,-0.14285643,0,-1,0,0,0,1.9999794,17.84665,-3.650188,1],"materials":["C:26"],"designId":"3021","id":1937}],"customTransform":[1,0,0,0,0,-0.9999999,0,0,0,0,-0.9999999,0,0,0,0,1],"id":-854,"submodels":[]},{"parts":[{"transform":[0,0.14285643,0.9897434,0,0,0.9897434,-0.14285643,0,-1,0,0,0,1.9999794,17.84665,-3.650188,1],"materials":["C:26"],"designId":"2817","id":1938}],"customTransform":[1,0,0,0,0,-0.9999999,0,0,0,0,-0.9999999,0,0,0,0,1],"id":-855,"submodels":[]},{"parts":[{"transform":[-1,0,0,0,0,0.9897434,-0.14285643,0,0,-0.14285643,-0.9897434,0,2.800199,20.520813,-0.8030089,1],"materials":["C:26","C:26"],"designId":"3069","id":1926},{"transform":[0,0.14285643,0.9897434,0,0,0.9897434,-0.14285643,0,-1,0,0,0,1.1999782,20.292212,-2.386818,1],"materials":["C:26","C:26"],"designId":"3069","id":1948},{"transform":[-1,0,0,0,0,0.9897434,-0.14285643,0,0,-0.14285643,-0.9897434,0,2.800202,20.177963,-3.178399,1],"materials":["C:26","C:26"],"designId":"3069","id":1931},{"transform":[0,0.14285643,0.9897434,0,0,0.9897434,-0.14285643,0,-1,0,0,0,3.5999799,20.292213,-2.3868184,1],"materials":["C:26","C:26"],"designId":"3069","id":1945}],"customTransform":[1,0,0,0,0,1,0,0,0,0,1,0,0,0,0,1],"id":-857,"submodels":[]},{"parts":[{"transform":[0,0.14285645,0.9897434,0,-1,0,0,0,0,-0.9897434,0.14285643,0,2.399981,18.924154,-1.7849869,1],"materials":["C:5"],"designId":"99008","id":1944},{"transform":[0,0.14285643,0.9897434,0,0,0.9897434,-0.14285643,0,-1,0,0,0,4.3999686,20.292244,-2.386597,1],"materials":["C:26"],"designId":"3023","id":1946},{"transform":[0,0.14285643,0.9897434,0,0,0.9897434,-0.14285643,0,-1,0,0,0,0.39996767,20.292244,-2.3865955,1],"materials":["C:26"],"designId":"3023","id":1940},{"transform":[-1,0,0,0,0,0.9897434,-0.14285643,0,0,-0.14285643,-0.9897434,0,2.7999701,20.6351,-0.011215455,1],"materials":["C:26"],"designId":"3023","id":1924},{"transform":[-1,0,0,0,0,0.9897434,-0.14285643,0,0,-0.14285643,-0.9897434,0,2.799973,20.063673,-3.9701915,1],"materials":["C:26"],"designId":"3023","id":1932}],"customTransform":[1,0,0,0,0,1,0,0,0,0,1,0,0,0,0,1],"id":-858,"submodels":[]},{"parts":[{"transform":[0,0.14285643,0.9897434,0,0,0.9897434,-0.14285643,0,-1,0,0,0,1.9999776,20.292244,-2.386599,1],"materials":["C:26"],"designId":"6143","id":1942},{"transform":[-1,0,0,0,0,0.9897434,-0.14285643,0,0,-0.14285643,-0.9897434,0,2.8002017,20.38039,-4.0159044,1],"materials":["C:26","C:26"],"designId":"3069","id":1933},{"transform":[0,0.14285643,0.9897434,0,0,0.9897434,-0.14285643,0,-1,0,0,0,0.3999791,20.608929,-2.432531,1],"materials":["C:26","C:26"],"designId":"3069","id":1941},{"transform":[0,0.14285643,0.9897434,0,0,0.9897434,-0.14285643,0,-1,0,0,0,4.399978,20.60893,-2.432532,1],"materials":["C:26","C:26"],"designId":"3069","id":1947},{"transform":[-1,0,0,0,0,0.9897434,-0.14285643,0,0,-0.14285643,-0.9897434,0,2.8001924,20.951813,-0.056928795,1],"materials":["C:26","C:26"],"designId":"3069","id":1923}],"customTransform":[1,0,0,0,0,1,0,0,0,0,1,0,0,0,0,1],"id":-859,"submodels":[]},{"parts":[{"transform":[0,0.14285645,0.9897434,0,0,0.9897434,-0.14285645,0,-1,0,0,0,1.9999813,21.242393,-2.523739,1],"materials":["C:26","C:26","C:26","C:26","C:26","C:26"],"designId":"30367","id":1943},{"transform":[0,0.14285645,0.9897434,0,0,0.9897434,-0.14285645,0,-1,0,0,0,2.399981,22.24969,-2.264984,1],"materials":["C:41","C:41"],"designId":"98138","id":1957}],"customTransform":[1,0,0,0,0,1,0,0,0,0,1,0,0,0,0,1],"id":-848,"submodels":[]}]}]},{"parts":[],"customTransform":[0,0,0.99999994,0,0,1,0,0,-0.99999994,0,0,0,0,0,0,1],"id":-818,"submodels":[{"isCallout":false,"customTransform":[0,-0,1,-0,0.9897549,-0.14277598,-0,0,0.14277597,0.989755,0,-0,-7.291235,5.6710515,-4.8000183,1],"id":-827,"steps":[]},{"isCallout":false,"customTransform":[0,0,-0.9999999,0,2.7650707E-5,1,0,0,0.9999999,-2.7650707E-5,0,0,2.399612,-11.985194,3.9999886,1],"id":-825,"steps":[{"parts":[{"transform":[0,-2.7650707E-5,-1,0,0,1,-2.7650707E-5,0,1,0,0,0,3.9999886,11.985127,-2.3999434,1],"materials":["C:21","C:21"],"designId":"32523","id":1959},{"transform":[0,-0.9931009,-0.11726352,0,0,-0.11726352,0.9931009,0,-1,0,0,0,2.4000092,11.985026,-2.4006689,1],"materials":["C:26"],"designId":"6558","id":1958},{"transform":[0,-0.9931016,-0.117257364,0,0,-0.117257364,0.9931016,0,-1,0,0,0,2.4000053,11.984982,-4.0006685,1],"materials":["C:26"],"designId":"6558","id":1960}],"customTransform":[1,0,0,0,0,1,0,0,0,0,1,0,0,0,0,1],"id":-826,"submodels":[]},{"parts":[{"transform":[0,0.989742,-0.14286637,0,0,0.14286637,0.989742,0,1,0,0,0,4.800007,9.609648,-2.0577905,1],"materials":["C:26"],"designId":"32524","id":1954},{"transform":[0,0.9897551,0.142776,0,0,-0.14277598,0.98975503,0,1,0,0,0,4.8000183,8.026227,-4.5719385,1],"materials":["C:26"],"designId":"41239","id":1978}],"customTransform":[1,0,0,0,0,1,0,0,0,0,1,0,0,0,0,1],"id":-830,"submodels":[]},{"parts":[{"transform":[0,-0.96714145,0.25423905,0,0,-0.25423905,-0.96714145,0,1,0,0,0,4.7999973,17.527588,-3.200733,1],"materials":["C:26"],"designId":"6558","id":1987},{"transform":[0,-0.9671405,0.25424242,0,0,-0.25424242,-0.9671405,0,1,0,0,0,4.800005,14.360403,-2.7435904,1],"materials":["C:26"],"designId":"6558","id":1956}],"customTransform":[1,0,0,0,0,1,0,0,0,0,1,0,0,0,0,1],"id":-839,"submodels":[]},{"parts":[{"transform":[0,0.98974353,-0.14285639,0,0,0.14285639,0.98974353,0,1,0,0,0,3.9999828,12.776924,-2.5142944,1],"materials":["C:26"],"designId":"32009","id":1953}],"customTransform":[1,0,0,0,0,1,0,0,0,0,1,0,0,0,0,1],"id":-840,"submodels":[]}]}]},{"parts":[{"transform":[0,0.9897539,0.14278376,0,0,-0.14278376,0.9897539,0,1,0,0,0,5.6000156,0.9000015,-5.600001,1],"materials":["C:26"],"designId":"41239","id":1984},{"transform":[0,0.9897328,-0.14293058,0,0,0.14293058,0.9897328,0,1,0,0,0,5.60001,0.90000105,-0.80000067,1],"materials":["C:26"],"designId":"41239","id":1873}],"customTransform":[0,0,0.99999994,0,0,1,0,0,-0.99999994,0,0,0,0,0,0,1],"id":-820,"submodels":[]}]}]},{"parts":[],"customTransform":[-0.9999999,0,0,0,0,0.70710677,-0.70710677,0,0,-0.7071067,-0.7071067,0,0,0,0,1],"id":-290,"submodels":[{"isCallout":false,"customTransform":[1,0,0,0,0,1,0,0,0,0,1,0,0,0,0,1],"id":-1181,"steps":[]},{"isCallout":false,"customTransform":[1,0,0,0,0,1,0,0,0,0,1,0,0,0,0,1],"id":-291,"steps":[{"parts":[{"transform":[-1.7773523E-4,-0.14348249,-0.98965275,0,0.0026448625,0.98964924,-0.14348248,0,0.9999964,-0.0026429978,2.0359598E-4,0,2.7827542,20.839418,-0.84685963,1],"materials":["C:26"],"designId":"11833","id":517}],"customTransform":[1,0,0,0,0,1,0,0,0,0,1,0,0,0,0,1],"id":-292,"submodels":[]},{"parts":[{"transform":[0.9999964,-0.0026429978,2.0359598E-4,0,0.0026448625,0.98964924,-0.14348248,0,1.7773523E-4,0.14348249,0.98965275,0,1.1831774,20.81598,-3.2682674,1],"materials":["C:21"],"designId":"3020","id":518},{"transform":[0.9999964,-0.0026429978,2.0359598E-4,0,0.0026448625,0.98964924,-0.14348248,0,1.7773523E-4,0.14348249,0.98965275,0,1.1837461,21.275122,-0.101377815,1],"materials":["C:21"],"designId":"3020","id":516}],"customTransform":[1,0,0,0,0,1,0,0,0,0,1,0,0,0,0,1],"id":-862,"submodels":[]},{"parts":[{"transform":[1.7773527E-4,0.14348248,0.98965275,0,0.0026448627,0.98964924,-0.14348248,0,-0.9999964,0.0026429978,-2.0359596E-4,0,4.3831706,20.807526,-3.2676153,1],"materials":["C:21"],"designId":"2420","id":800},{"transform":[0.9999964,-0.0026429978,2.0359596E-4,0,0.0026448627,0.98964924,-0.14348248,0,1.7773527E-4,0.14348248,0.98965275,0,3.5834548,21.039213,-1.684332,1],"materials":["C:21"],"designId":"2420","id":804},{"transform":[-1.7773527E-4,-0.14348248,-0.98965275,0,0.0026448627,0.98964924,-0.14348248,0,0.9999964,-0.0026429978,2.0359596E-4,0,0.38360843,21.162455,-0.8932615,1],"materials":["C:21"],"designId":"2420","id":710},{"transform":[-0.9999964,0.0026429978,-2.0359596E-4,0,0.0026448627,0.98964924,-0.14348248,0,-1.7773527E-4,-0.14348248,-0.98965275,0,1.1833243,20.930767,-2.4765422,1],"materials":["C:21"],"designId":"2420","id":704}],"customTransform":[1,0,0,0,0,1,0,0,0,0,1,0,0,0,0,1],"id":-865,"submodels":[]},{"parts":[{"transform":[0.9999964,-0.0026429978,2.0359598E-4,0,0.0026448625,0.98964924,-0.14348248,0,1.7773523E-4,0.14348249,0.98965275,0,0.38388506,21.019995,-4.106066,1],"materials":["C:21"],"designId":"3666","id":519},{"transform":[-1.7773523E-4,-0.14348249,-0.98965275,0,0.0026448625,0.98964924,-0.14348248,0,0.9999964,-0.0026429978,2.0359598E-4,0,2.7844431,21.472794,-0.9386886,1],"materials":["C:41"],"designId":"11833","id":513},{"transform":[0.9999964,-0.0026429978,2.0359598E-4,0,0.0026448625,0.98964924,-0.14348248,0,1.7773523E-4,0.14348249,0.98965275,0,0.38459602,21.593927,-0.14745462,1],"materials":["C:21"],"designId":"3666","id":515}],"customTransform":[1,0,0,0,0,1,0,0,0,0,1,0,0,0,0,1],"id":-863,"submodels":[]},{"parts":[{"transform":[-1.7773523E-4,-0.14348249,-0.98965275,0,0.0026448625,0.98964924,-0.14348248,0,0.9999964,-0.0026429978,2.0359598E-4,0,2.784863,21.44513,-3.3597689,1],"materials":["C:21"],"designId":"3021","id":511}],"customTransform":[1,0,0,0,0,1,0,0,0,0,1,0,0,0,0,1],"id":-867,"submodels":[]},{"parts":[{"transform":[0.9999964,-0.0026429978,2.0359598E-4,0,0.0026448625,0.98964924,-0.14348248,0,1.7773523E-4,0.14348249,0.98965275,0,1.1855742,21.65126,-4.197732,1],"materials":["C:5"],"designId":"3710","id":510},{"transform":[0.9999964,-0.0026429978,2.0359598E-4,0,0.0026448625,0.98964924,-0.14348248,0,1.7773523E-4,0.14348249,0.98965275,0,0.38543558,21.538584,-4.989616,1],"materials":["C:21"],"designId":"3666","id":512},{"transform":[-1.7773523E-4,-0.14348249,-0.98965275,0,0.0026448625,0.98964924,-0.14348248,0,0.9999964,-0.0026429978,2.0359598E-4,0,2.7855737,22.019056,0.5988417,1],"materials":["C:26"],"designId":"3021","id":514}],"customTransform":[1,0,0,0,0,1,0,0,0,0,1,0,0,0,0,1],"id":-866,"submodels":[]},{"parts":[],"customTransform":[1,0,0,0,0,1,0,0,0,0,1,0,0,0,0,1],"id":-868,"submodels":[{"isCallout":false,"customTransform":[1,0,0,0,0,1,0,0,0,0,1,0,0,0,0,1],"id":-869,"steps":[{"parts":[{"transform":[0.9999964,-0.0026429978,2.0359598E-4,0,0.0026448625,0.98964924,-0.14348248,0,1.7773523E-4,0.14348249,0.98965275,0,1.1838864,21.38991,0.6903481,1],"materials":["C:21"],"designId":"3710","id":521}],"customTransform":[1,0,0,0,0,1,0,0,0,0,1,0,0,0,0,1],"id":-870,"submodels":[]},{"parts":[{"transform":[0.9999964,-0.0026429978,2.0359598E-4,0,0.0026448625,0.98964924,-0.14348248,0,1.7773523E-4,0.14348249,0.98965275,0,1.9847301,21.704483,0.6445954,1],"materials":["C:26"],"designId":"3023","id":520},{"transform":[-1.7773523E-4,-0.14348249,-0.98965275,0,0.0026448625,0.98964924,-0.14348248,0,0.9999964,-0.0026429978,2.0359598E-4,0,3.584724,21.700254,0.6449223,1],"materials":["C:26"],"designId":"4081","id":538},{"transform":[1.7773523E-4,0.14348249,0.98965275,0,0.0026448625,0.98964924,-0.14348248,0,-0.9999964,0.0026429978,-2.0359598E-4,0,1.1847327,21.706598,0.64443386,1],"materials":["C:26"],"designId":"4081","id":522}],"customTransform":[1,0,0,0,0,1,0,0,0,0,1,0,0,0,0,1],"id":-871,"submodels":[]},{"parts":[{"transform":[-1.7773524E-4,-0.14348249,-0.98965293,0,0.0026448632,0.9896494,-0.1434825,0,0.9999966,-0.0026429982,2.0359605E-4,0,3.5855703,22.016941,0.599008,1],"materials":["C:26"],"designId":"3024","id":-1164},{"transform":[-1.7764782E-4,-0.14348249,-0.98965293,0,0.0026448632,0.9896494,-0.1434825,0,0.9999966,-0.0026429857,2.0368256E-4,0,1.1855791,22.023285,0.5985197,1],"materials":["C:26"],"designId":"3024","id":-1165}],"customTransform":[1,0,0,0,0,1,0,0,0,0,1,0,0,0,0,1],"id":-1168,"submodels":[]},{"parts":[{"transform":[0.9999966,-0.002642992,2.0363933E-4,0,0.0026448634,0.98964953,-0.14348254,0,1.7769156E-4,0.1434825,0.98965305,0,3.5864174,22.333628,0.5530937,1],"materials":["C:26"],"designId":"3023","id":-1162},{"transform":[0.9999966,-0.0026429794,2.0372584E-4,0,0.0026448634,0.98964953,-0.14348254,0,1.7760413E-4,0.1434825,0.98965305,0,0.38642803,22.342087,0.55244243,1],"materials":["C:26"],"designId":"3023","id":-1163}],"customTransform":[1,0,0,0,0,1,0,0,0,0,1,0,0,0,0,1],"id":-1169,"submodels":[]},{"parts":[{"transform":[0.0026448627,0.98964936,-0.14348239,0,1.7773555E-4,0.14348261,0.9896528,0,0.9999964,-0.0026429978,2.0359598E-4,0,0.38540825,21.972818,0.7676528,1],"materials":["C:41"],"designId":"58176","id":543},{"transform":[0.0026448627,0.98964936,-0.14348246,0,1.7773516E-4,0.14348246,0.98965275,0,0.9999964,-0.0026429978,2.0359598E-4,0,4.385394,21.962248,0.76846844,1],"materials":["C:41"],"designId":"58176","id":539}],"customTransform":[1,0,0,0,0,1,0,0,0,0,1,0,0,0,0,1],"id":-872,"submodels":[]}]}]},{"parts":[{"transform":[0.9999964,-0.0026429978,2.0359598E-4,0,0.0026448625,0.98964924,-0.14348248,0,1.7773523E-4,0.14348249,0.98965275,0,1.1864167,21.967949,-4.2436457,1],"materials":["C:23"],"designId":"3020","id":509},{"transform":[-0.9999964,0.0026429978,-2.0359598E-4,0,0.0026448625,0.98964924,-0.14348248,0,-1.7773523E-4,-0.14348249,-0.98965275,0,1.9861394,22.108286,-1.0306796,1],"materials":["C:21"],"designId":"14719","id":542},{"transform":[1.7773523E-4,0.14348249,0.98965275,0,0.0026448625,0.98964924,-0.14348248,0,-0.9999964,0.0026429978,-2.0359598E-4,0,3.58599,21.989271,-1.8220769,1],"materials":["C:21"],"designId":"14719","id":541},{"transform":[0.9999964,-0.0026429978,2.0359598E-4,0,0.0026448625,0.98964924,-0.14348248,0,1.7773523E-4,0.14348249,0.98965275,0,2.7857091,21.761816,-3.405683,1],"materials":["C:21"],"designId":"14719","id":540},{"transform":[-1.7773523E-4,-0.14348249,-0.98965275,0,0.0026448625,0.98964924,-0.14348248,0,0.9999964,-0.0026429978,2.0359598E-4,0,1.1858548,21.88083,-2.614287,1],"materials":["C:21"],"designId":"14719","id":524}],"customTransform":[1,0,0,0,0,1,0,0,0,0,1,0,0,0,0,1],"id":-861,"submodels":[]},{"parts":[{"transform":[-1.7773527E-4,-0.14348248,-0.98965275,0,0.0026448627,0.98964924,-0.14348248,0,0.9999964,-0.0026429978,2.0359596E-4,0,4.384017,21.124214,-3.3135278,1],"materials":["C:21"],"designId":"3665","id":758},{"transform":[1.7773527E-4,0.14348248,0.98965275,0,0.0026448627,0.98964924,-0.14348248,0,-0.9999964,0.0026429978,-2.0359596E-4,0,0.38402823,21.134785,-3.314342,1],"materials":["C:21"],"designId":"3665","id":736},{"transform":[1.7773527E-4,0.14348248,0.98965275,0,0.0026448627,0.98964924,-0.14348248,0,-0.9999964,0.0026429978,-2.0359596E-4,0,0.3847324,21.336687,-4.1519766,1],"materials":["C:21"],"designId":"3665","id":788},{"transform":[-1.7773527E-4,-0.14348248,-0.98965275,0,0.0026448627,0.98964924,-0.14348248,0,0.9999964,-0.0026429978,2.0359596E-4,0,4.384722,21.326117,-4.1511636,1],"materials":["C:21"],"designId":"3665","id":723},{"transform":[-1.7773527E-4,-0.14348252,-0.9896529,0,0.0026448623,0.98964924,-0.14348246,0,0.9999964,-0.0026429975,2.035959E-4,0,4.386271,21.844707,-5.034715,1],"materials":["C:21"],"designId":"3665","id":820},{"transform":[1.7773527E-4,0.14348252,0.9896529,0,0.0026448623,0.98964924,-0.14348246,0,-0.9999964,0.0026429975,-2.035959E-4,0,0.3862853,21.855272,-5.035529,1],"materials":["C:21"],"designId":"3665","id":731},{"transform":[0.9999964,-0.0026429978,2.0359598E-4,0,0.0026448625,0.98964924,-0.14348248,0,1.7773523E-4,0.14348249,0.98965275,0,1.1871209,22.16985,-5.081283,1],"materials":["C:5"],"designId":"3710","id":508}],"customTransform":[1,0,0,0,0,1,0,0,0,0,1,0,0,0,0,1],"id":-864,"submodels":[]},{"parts":[{"transform":[1.7773517E-4,0.14348249,0.98965293,0,0.0026448625,0.9896494,-0.14348252,0,-0.9999964,0.0026429973,-2.0359596E-4,0,0.3841656,21.249563,-2.5226216,1],"materials":["C:154"],"designId":"3747","id":117},{"transform":[-1.7773517E-4,-0.14348249,-0.98965293,0,0.0026448625,0.9896494,-0.14348252,0,0.9999964,-0.0026429973,2.0359596E-4,0,4.3842964,21.35378,-1.730084,1],"materials":["C:154"],"designId":"3747","id":113},{"transform":[-1.7773527E-4,-0.14348248,-0.98965275,0,0.0026448627,0.98964924,-0.14348248,0,0.9999964,-0.0026429978,2.0359596E-4,0,4.384441,21.468573,-0.93836325,1],"materials":["C:21"],"designId":"3665","id":755},{"transform":[1.7773527E-4,0.14348248,0.98965275,0,0.0026448627,0.98964924,-0.14348248,0,-0.9999964,0.0026429978,-2.0359596E-4,0,0.3844548,21.479141,-0.93917495,1],"materials":["C:21"],"designId":"3665","id":751}],"customTransform":[1,0,0,0,0,1,0,0,0,0,1,0,0,0,0,1],"id":-293,"submodels":[]},{"parts":[{"transform":[1.7773517E-4,0.14348249,0.98965293,0,0.0026448625,0.9896494,-0.14348252,0,-0.9999964,0.0026429973,-2.0359596E-4,0,0.3865625,22.084845,-3.4520867,1],"materials":["C:24"],"designId":"2420","id":116},{"transform":[-0.9999964,0.0026429973,-2.0359596E-4,0,0.0026448625,0.9896494,-0.14348252,0,-1.7773517E-4,-0.14348249,-0.98965293,0,5.1866813,22.186949,-2.659388,1],"materials":["C:24"],"designId":"2420","id":114},{"transform":[0.9999964,-0.0026429978,2.0359598E-4,0,0.0026448625,0.98964924,-0.14348248,0,1.7773523E-4,0.14348249,0.98965275,0,1.1862813,22.225185,-0.23912093,1],"materials":["C:26"],"designId":"2420","id":528},{"transform":[-1.7773523E-4,-0.14348249,-0.98965275,0,0.0026448625,0.98964924,-0.14348248,0,0.9999964,-0.0026429978,2.0359598E-4,0,2.78642,22.335743,0.552928,1],"materials":["C:26"],"designId":"2420","id":527},{"transform":[0.9999964,-0.0026429973,2.0359596E-4,0,0.0026448625,0.9896494,-0.14348252,0,1.7773517E-4,0.14348249,0.98965293,0,-0.4131524,22.31653,-1.8688042,1],"materials":["C:24"],"designId":"2420","id":118},{"transform":[-1.7773523E-4,-0.14348249,-0.98965275,0,0.0026448625,0.98964924,-0.14348248,0,0.9999964,-0.0026429978,2.0359598E-4,0,4.386976,22.418636,-1.0761068,1],"materials":["C:24"],"designId":"2420","id":641}],"customTransform":[1,0,0,0,0,1,0,0,0,0,1,0,0,0,0,1],"id":-295,"submodels":[]},{"parts":[{"transform":[0.9999964,-0.0026429978,2.0359598E-4,0,0.0026448625,0.98964924,-0.14348248,0,1.7773523E-4,0.14348249,0.98965275,0,1.1872698,22.656658,0.5066884,1],"materials":["C:23"],"designId":"3020","id":526},{"transform":[-1.7773523E-4,-0.14348249,-0.98965275,0,0.0026448625,0.98964924,-0.14348248,0,0.9999964,-0.0026429978,2.0359598E-4,0,-0.41230318,22.633217,-1.9147208,1],"materials":["C:21"],"designId":"3023","id":496},{"transform":[-1.7773523E-4,-0.14348249,-0.98965275,0,0.0026448625,0.98964924,-0.14348248,0,0.9999964,-0.0026429978,2.0359598E-4,0,5.1876793,22.618423,-1.9135817,1],"materials":["C:21"],"designId":"3023","id":497}],"customTransform":[1,0,0,0,0,1,0,0,0,0,1,0,0,0,0,1],"id":-874,"submodels":[]},{"parts":[{"transform":[1.7773527E-4,0.14348248,0.98965275,0,0.0026448627,0.98964924,-0.14348248,0,-0.9999964,0.0026429978,-2.0359596E-4,0,0.38544333,21.910614,-0.19336957,1],"materials":["C:21"],"designId":"3665","id":785},{"transform":[-1.7773527E-4,-0.14348248,-0.98965275,0,0.0026448627,0.98964924,-0.14348248,0,0.9999964,-0.0026429978,2.0359596E-4,0,4.3854294,21.900045,-0.19255519,1],"materials":["C:21"],"designId":"3665","id":803}],"customTransform":[1,0,0,0,0,1,0,0,0,0,1,0,0,0,0,1],"id":-881,"submodels":[]},{"parts":[],"customTransform":[1,0,0,0,0,1,0,0,0,0,1,0,0,0,0,1],"id":-296,"submodels":[{"isCallout":false,"customTransform":[1,0,0,0,0,1,0,0,0,0,1,0,0,0,0,1],"id":-875,"steps":[{"parts":[{"transform":[-1.7773517E-4,-0.14348249,-0.98965293,0,0.0026448625,0.9896494,-0.14348252,0,0.9999964,-0.0026429973,2.0359596E-4,0,4.387964,22.850105,-0.33029565,1],"materials":["C:199"],"designId":"3958","id":115}],"customTransform":[1,0,0,0,0,1,0,0,0,0,1,0,0,0,0,1],"id":-876,"submodels":[]},{"parts":[{"transform":[0.9999964,-0.0026429978,2.0359598E-4,0,0.0026448625,0.98964924,-0.14348248,0,1.7773523E-4,0.14348249,0.98965275,0,2.3869147,22.366524,-1.4723728,1],"materials":["C:21"],"designId":"3023","id":639},{"transform":[-1.7773523E-4,-0.14348249,-0.98965275,0,0.0026448625,0.98964924,-0.14348248,0,0.9999964,-0.0026429978,2.0359598E-4,0,1.5869145,22.368643,-1.4725358,1],"materials":["C:21"],"designId":"3023","id":640},{"transform":[-1.7773523E-4,-0.14348249,-0.98965275,0,0.0026448625,0.98964924,-0.14348248,0,0.9999964,-0.0026429978,2.0359598E-4,0,3.1867652,22.249624,-2.263933,1],"materials":["C:21"],"designId":"3023","id":637},{"transform":[-0.9999964,0.0026429978,-2.0359598E-4,0,0.0026448625,0.98964924,-0.14348248,0,-1.7773523E-4,-0.14348249,-0.98965275,0,2.3866303,22.136957,-3.055819,1],"materials":["C:21"],"designId":"3023","id":638}],"customTransform":[1,0,0,0,0,-0.9999999,0,0,0,0,-0.9999999,0,0,0,0,1],"id":-877,"submodels":[]}]}]},{"parts":[{"transform":[1.7773523E-4,0.14348249,0.98965275,0,0.0026448625,0.98964924,-0.14348248,0,-0.9999964,0.0026429978,-2.0359598E-4,0,2.7879639,22.482307,-5.1268706,1],"materials":["C:26"],"designId":"99206","id":544},{"transform":[1.7773523E-4,0.14348249,0.98965275,0,0.0026448625,0.98964924,-0.14348248,0,-0.9999964,0.0026429978,-2.0359598E-4,0,1.1879711,22.486538,-5.127197,1],"materials":["C:26"],"designId":"99206","id":507},{"transform":[-1.7773519E-4,-0.1434825,-0.989653,0,0.0026448623,0.98964936,-0.14348249,0,0.9999964,-0.002642997,2.035959E-4,0,4.3888125,22.794764,-5.172458,1],"materials":["C:48"],"designId":"6141","id":821},{"transform":[-1.7773527E-4,-0.14348252,-0.9896529,0,0.0026448623,0.98964924,-0.14348246,0,0.9999964,-0.0026429975,2.035959E-4,0,0.3888242,22.805338,-5.173273,1],"materials":["C:48"],"designId":"6141","id":730}],"customTransform":[1,0,0,0,0,1,0,0,0,0,1,0,0,0,0,1],"id":-879,"submodels":[]},{"parts":[{"transform":[-1.7773519E-4,-0.14348248,-0.9896529,0,0.0026448627,0.98964936,-0.1434825,0,0.99999654,-0.002642998,2.03596E-4,0,5.1888013,22.792656,-5.1722965,1],"materials":["C:21"],"designId":"3665","id":824},{"transform":[1.77